330
(0.000000, -1.000000, -0.000000) (0.102400, -0.943500, 0.315100) (0.122176, 0.390844) 
(0.425323, -0.850654, 0.309011) (0.102400, -0.943500, 0.315100) (0.186082, 0.486029) 
(-0.162456, -0.850654, 0.499995) (0.102400, -0.943500, 0.315100) (0.045816, 0.486030) 
(0.723607, -0.447220, 0.525725) (0.700200, -0.661700, 0.268000) (0.238636, 0.599132) 
(0.425323, -0.850654, 0.309011) (0.700200, -0.661700, 0.268000) (0.186082, 0.486029) 
(0.850648, -0.525736, -0.000000) (0.700200, -0.661700, 0.268000) (0.311832, 0.508941) 
(0.000000, -1.000000, -0.000000) (-0.268000, -0.943500, 0.194700) (0.122176, 0.390844) 
(-0.162456, -0.850654, 0.499995) (-0.268000, -0.943500, 0.194700) (0.045816, 0.486030) 
(-0.525730, -0.850652, -0.000000) (-0.268000, -0.943500, 0.194700) (0.016423, 0.386513) 
(0.000000, -1.000000, -0.000000) (-0.268000, -0.943500, -0.194700) (1.000000, 0.212622) 
(-0.525730, -0.850652, -0.000000) (-0.268000, -0.943500, -0.194700) (0.944632, 0.320525) 
(-0.162456, -0.850654, -0.499995) (-0.268000, -0.943500, -0.194700) (0.885732, 0.221947) 
(0.000000, -1.000000, -0.000000) (0.102400, -0.943500, -0.315100) (1.000000, 0.212622) 
(-0.162456, -0.850654, -0.499995) (0.102400, -0.943500, -0.315100) (0.885732, 0.221947) 
(0.425323, -0.850654, -0.309011) (0.102400, -0.943500, -0.315100) (0.954185, 0.099519) 
(0.723607, -0.447220, 0.525725) (0.905000, -0.330400, 0.268000) (0.238636, 0.599132) 
(0.850648, -0.525736, -0.000000) (0.905000, -0.330400, 0.268000) (0.311832, 0.508941) 
(0.951058, -0.000000, 0.309013) (0.905000, -0.330400, 0.268000) (0.317737, 0.645532) 
(-0.276388, -0.447220, 0.850649) (0.024700, -0.330400, 0.943500) (0.000000, 0.599133) 
(0.262869, -0.525738, 0.809012) (0.024700, -0.330400, 0.943500) (0.114269, 0.608459) 
(0.000000, -0.000000, 1.000000) (0.024700, -0.330400, 0.943500) (0.055368, 0.707038) 
(-0.894426, -0.447216, -0.000000) (-0.889700, -0.330400, 0.315100) (0.585143, 0.684144) 
(-0.688189, -0.525736, 0.499997) (-0.889700, -0.330400, 0.315100) (0.472416, 0.633972) 
(-0.951058, -0.000000, 0.309013) (-0.889700, -0.330400, 0.315100) (0.595010, 0.562858) 
(-0.276388, -0.447220, -0.850649) (-0.574600, -0.330400, -0.748800) (0.505642, 0.000000) 
(-0.688189, -0.525736, -0.499997) (-0.574600, -0.330400, -0.748800) (0.628626, 0.006076) 
(-0.587786, 0.000000, -0.809017) (-0.574600, -0.330400, -0.748800) (0.560505, 0.091206) 
(0.723607, -0.447220, -0.525725) (0.534600, -0.330400, -0.777900) (0.187330, 0.376850) 
(0.262869, -0.525738, -0.809012) (0.534600, -0.330400, -0.777900) (0.071000, 0.386513) 
(0.587786, 0.000000, -0.809017) (0.534600, -0.330400, -0.777900) (0.117346, 0.277880) 
(0.723607, -0.447220, 0.525725) (0.802600, -0.125600, 0.583100) (0.238636, 0.599132) 
(0.951058, -0.000000, 0.309013) (0.802600, -0.125600, 0.583100) (0.317737, 0.645532) 
(0.587786, -0.000000, 0.809017) (0.802600, -0.125600, 0.583100) (0.195635, 0.707038) 
(-0.276388, -0.447220, 0.850649) (-0.306600, -0.125600, 0.943500) (0.376574, 0.563687) 
(0.000000, -0.000000, 1.000000) (-0.306600, -0.125600, 0.943500) (0.371415, 0.449740) 
(-0.587786, -0.000000, 0.809017) (-0.306600, -0.125600, 0.943500) (0.472416, 0.492054) 
(-0.894426, -0.447216, -0.000000) (-0.992100, -0.125600, -0.000000) (0.585143, 0.684144) 
(-0.951058, -0.000000, 0.309013) (-0.992100, -0.125600, -0.000000) (0.595010, 0.562858) 
(-0.951058, 0.000000, -0.309013) (-0.992100, -0.125600, -0.000000) (0.692369, 0.635105) 
(-0.276388, -0.447220, -0.850649) (-0.306600, -0.125600, -0.943500) (0.505642, 0.000000) 
(-0.587786, 0.000000, -0.809017) (-0.306600, -0.125600, -0.943500) (0.560505, 0.091206) 
(0.000000, 0.000000, -1.000000) (-0.306600, -0.125600, -0.943500) (0.422067, 0.086640) 
(0.723607, -0.447220, -0.525725) (0.802600, -0.125600, -0.583100) (0.187330, 0.376850) 
(0.587786, 0.000000, -0.809017) (0.802600, -0.125600, -0.583100) (0.117346, 0.277880) 
(0.951058, 0.000000, -0.309013) (0.802600, -0.125600, -0.583100) (0.259215, 0.277881) 
(0.276388, 0.447220, 0.850649) (0.408900, 0.661700, 0.628400) (0.760342, 0.571771) 
(0.688189, 0.525736, 0.499997) (0.408900, 0.661700, 0.628400) (0.809729, 0.457292) 
(0.162456, 0.850654, 0.499995) (0.408900, 0.661700, 0.628400) (0.882259, 0.570961) 
(-0.723607, 0.447220, 0.525725) (-0.471300, 0.661700, 0.583100) (0.878261, 0.769203) 
(-0.262869, 0.525738, 0.809012) (-0.471300, 0.661700, 0.583100) (0.809728, 0.686867) 
(-0.425323, 0.850654, 0.309011) (-0.471300, 0.661700, 0.583100) (0.951570, 0.687008) 
(-0.723607, 0.447220, -0.525725) (-0.700200, 0.661700, -0.268000) (0.606939, 0.207772) 
(-0.850648, 0.525736, 0.000000) (-0.700200, 0.661700, -0.268000) (0.688167, 0.268622) 
(-0.425323, 0.850654, -0.309011) (-0.700200, 0.661700, -0.268000) (0.560507, 0.318413) 
(0.276388, 0.447220, -0.850649) (0.038500, 0.661700, -0.748800) (0.371415, 0.200003) 
(-0.262869, 0.525738, -0.809012) (0.038500, 0.661700, -0.748800) (0.481608, 0.208766) 
(0.162456, 0.850654, -0.499995) (0.038500, 0.661700, -0.748800) (0.422070, 0.313847) 
(0.894426, 0.447216, 0.000000) (0.724000, 0.661700, -0.194700) (0.307900, 0.167751) 
(0.688189, 0.525736, -0.499997) (0.724000, 0.661700, -0.194700) (0.188216, 0.154975) 
(0.525730, 0.850652, 0.000000) (0.724000, 0.661700, -0.194700) (0.256538, 0.064743) 
(0.162456, 0.850654, 0.499995) (0.809000, -0.000000, 0.587800) (0.360723, 0.399867) 
(0.525730, 1.136779, 0.000000) (0.809000, -0.000000, 0.587800) (0.317737, 0.523230) 
(0.162456, 1.136778, 0.499995) (0.809000, -0.000000, 0.587800) (0.317737, 0.386513) 
(0.525730, 0.850652, 0.000000) (0.491100, 0.794700, -0.356800) (0.256538, 0.064743) 
(0.688189, 0.525736, -0.499997) (0.491100, 0.794700, -0.356800) (0.188216, 0.154975) 
(0.162456, 0.850654, -0.499995) (0.491100, 0.794700, -0.356800) (0.114670, 0.064742) 
(0.688189, 0.525736, -0.499997) (0.408900, 0.661700, -0.628400) (0.188216, 0.154975) 
(0.276388, 0.447220, -0.850649) (0.408900, 0.661700, -0.628400) (0.066539, 0.167749) 
(0.162456, 0.850654, -0.499995) (0.408900, 0.661700, -0.628400) (0.114670, 0.064742) 
(-0.425323, 0.850654, -0.309011) (-0.309000, 0.000000, -0.951100) (0.560507, 0.318413) 
(0.162456, 1.136778, -0.499995) (-0.309000, 0.000000, -0.951100) (0.414446, 0.374060) 
(0.162456, 0.850654, -0.499995) (-0.309000, 0.000000, -0.951100) (0.422070, 0.313847) 
(0.162456, 0.850654, -0.499995) (-0.187600, 0.794700, -0.577300) (0.422070, 0.313847) 
(-0.262869, 0.525738, -0.809012) (-0.187600, 0.794700, -0.577300) (0.481608, 0.208766) 
(-0.425323, 0.850654, -0.309011) (-0.187600, 0.794700, -0.577300) (0.560507, 0.318413) 
(-0.262869, 0.525738, -0.809012) (-0.471300, 0.661700, -0.583100) (0.481608, 0.208766) 
(-0.723607, 0.447220, -0.525725) (-0.471300, 0.661700, -0.583100) (0.606939, 0.207772) 
(-0.425323, 0.850654, -0.309011) (-0.471300, 0.661700, -0.583100) (0.560507, 0.318413) 
(0.162456, 0.850654, 0.499995) (-0.309000, -0.000000, 0.951100) (0.272229, 0.936887) 
(-0.425323, 1.136778, 0.309011) (-0.309000, -0.000000, 0.951100) (0.193561, 0.827479) 
(-0.425323, 0.850654, 0.309011) (-0.309000, -0.000000, 0.951100) (0.258358, 0.828264) 
(-0.425323, 0.850654, -0.309011) (-0.607100, 0.794700, 0.000000) (0.560507, 0.318413) 
(-0.850648, 0.525736, 0.000000) (-0.607100, 0.794700, 0.000000) (0.688167, 0.268622) 
(-0.425323, 0.850654, 0.309011) (-0.607100, 0.794700, 0.000000) (0.628628, 0.373703) 
(-0.850648, 0.525736, 0.000000) (-0.700200, 0.661700, 0.268000) (0.692369, 0.493188) 
(-0.723607, 0.447220, 0.525725) (-0.700200, 0.661700, 0.268000) (0.585144, 0.442700) 
(-0.425323, 0.850654, 0.309011) (-0.700200, 0.661700, 0.268000) (0.629948, 0.379328) 
(0.162456, 0.850654, -0.499995) (0.809000, 0.000000, -0.587800) (0.114670, 0.064742) 
(0.525730, 1.136779, 0.000000) (0.809000, 0.000000, -0.587800) (0.256890, 0.000000) 
(0.525730, 0.850652, 0.000000) (0.809000, 0.000000, -0.587800) (0.256538, 0.064743) 
(-0.425323, 0.850654, 0.309011) (-0.187600, 0.794700, 0.577300) (0.951570, 0.687008) 
(-0.262869, 0.525738, 0.809012) (-0.187600, 0.794700, 0.577300) (0.809728, 0.686867) 
(0.162456, 0.850654, 0.499995) (-0.187600, 0.794700, 0.577300) (0.882259, 0.570961) 
(-0.262869, 0.525738, 0.809012) (0.038500, 0.661700, 0.748800) (0.809728, 0.686867) 
(0.276388, 0.447220, 0.850649) (0.038500, 0.661700, 0.748800) (0.760342, 0.571771) 
(0.162456, 0.850654, 0.499995) (0.038500, 0.661700, 0.748800) (0.882259, 0.570961) 
(-0.425323, 0.850654, 0.309011) (-1.000000, -0.000000, 0.000000) (0.258358, 0.828264) 
(-0.425323, 1.136778, -0.309011) (-1.000000, -0.000000, 0.000000) (0.207432, 0.707038) 
(-0.425323, 0.850654, -0.309011) (-1.000000, -0.000000, 0.000000) (0.272229, 0.707823) 
(0.162456, 0.850654, 0.499995) (0.491100, 0.794700, 0.356800) (0.882259, 0.570961) 
(0.688189, 0.525736, 0.499997) (0.491100, 0.794700, 0.356800) (0.809729, 0.457292) 
(0.525730, 0.850652, 0.000000) (0.491100, 0.794700, 0.356800) (0.951570, 0.457434) 
(0.688189, 0.525736, 0.499997) (0.724000, 0.661700, 0.194700) (0.809729, 0.457292) 
(0.894426, 0.447216, 0.000000) (0.724000, 0.661700, 0.194700) (0.878262, 0.378626) 
(0.525730, 0.850652, 0.000000) (0.724000, 0.661700, 0.194700) (0.951570, 0.457434) 
(0.951058, 0.000000, -0.309013) (0.889700, 0.330400, -0.315100) (0.259215, 0.277881) 
(0.688189, 0.525736, -0.499997) (0.889700, 0.330400, -0.315100) (0.188216, 0.154975) 
(0.894426, 0.447216, 0.000000) (0.889700, 0.330400, -0.315100) (0.307900, 0.167751) 
(0.951058, 0.000000, -0.309013) (0.794700, 0.187600, -0.577300) (0.259215, 0.277881) 
(0.587786, 0.000000, -0.809017) (0.794700, 0.187600, -0.577300) (0.117346, 0.277880) 
(0.688189, 0.525736, -0.499997) (0.794700, 0.187600, -0.577300) (0.188216, 0.154975) 
(0.587786, 0.000000, -0.809017) (0.574600, 0.330400, -0.748800) (0.117346, 0.277880) 
(0.276388, 0.447220, -0.850649) (0.574600, 0.330400, -0.748800) (0.066539, 0.167749) 
(0.688189, 0.525736, -0.499997) (0.574600, 0.330400, -0.748800) (0.188216, 0.154975) 
(0.000000, 0.000000, -1.000000) (-0.024700, 0.330400, -0.943500) (0.422067, 0.086640) 
(-0.262869, 0.525738, -0.809012) (-0.024700, 0.330400, -0.943500) (0.481608, 0.208766) 
(0.276388, 0.447220, -0.850649) (-0.024700, 0.330400, -0.943500) (0.371415, 0.200003) 
(0.000000, 0.000000, -1.000000) (-0.303500, 0.187600, -0.934200) (0.422067, 0.086640) 
(-0.587786, 0.000000, -0.809017) (-0.303500, 0.187600, -0.934200) (0.560505, 0.091206) 
(-0.262869, 0.525738, -0.809012) (-0.303500, 0.187600, -0.934200) (0.481608, 0.208766) 
(-0.587786, 0.000000, -0.809017) (-0.534600, 0.330400, -0.777900) (0.560505, 0.091206) 
(-0.723607, 0.447220, -0.525725) (-0.534600, 0.330400, -0.777900) (0.606939, 0.207772) 
(-0.262869, 0.525738, -0.809012) (-0.534600, 0.330400, -0.777900) (0.481608, 0.208766) 
(-0.951058, 0.000000, -0.309013) (-0.905000, 0.330400, -0.268000) (0.688167, 0.128200) 
(-0.850648, 0.525736, 0.000000) (-0.905000, 0.330400, -0.268000) (0.688167, 0.268622) 
(-0.723607, 0.447220, -0.525725) (-0.905000, 0.330400, -0.268000) (0.606939, 0.207772) 
(-0.951058, 0.000000, -0.309013) (-0.982200, 0.187600, 0.000000) (0.692369, 0.635105) 
(-0.951058, -0.000000, 0.309013) (-0.982200, 0.187600, 0.000000) (0.595010, 0.562858) 
(-0.850648, 0.525736, 0.000000) (-0.982200, 0.187600, 0.000000) (0.692369, 0.493188) 
(-0.951058, -0.000000, 0.309013) (-0.905000, 0.330400, 0.268000) (0.595010, 0.562858) 
(-0.723607, 0.447220, 0.525725) (-0.905000, 0.330400, 0.268000) (0.585144, 0.442700) 
(-0.850648, 0.525736, 0.000000) (-0.905000, 0.330400, 0.268000) (0.692369, 0.493188) 
(-0.587786, -0.000000, 0.809017) (-0.534600, 0.330400, 0.777900) (0.472416, 0.492054) 
(-0.262869, 0.525738, 0.809012) (-0.534600, 0.330400, 0.777900) (0.494010, 0.378626) 
(-0.723607, 0.447220, 0.525725) (-0.534600, 0.330400, 0.777900) (0.585144, 0.442700) 
(-0.587786, -0.000000, 0.809017) (-0.303500, 0.187600, 0.934200) (0.472416, 0.492054) 
(0.000000, -0.000000, 1.000000) (-0.303500, 0.187600, 0.934200) (0.371415, 0.449740) 
(-0.262869, 0.525738, 0.809012) (-0.303500, 0.187600, 0.934200) (0.494010, 0.378626) 
(0.000000, -0.000000, 1.000000) (-0.024700, 0.330400, 0.943500) (0.692369, 0.644832) 
(0.276388, 0.447220, 0.850649) (-0.024700, 0.330400, 0.943500) (0.760342, 0.571771) 
(-0.262869, 0.525738, 0.809012) (-0.024700, 0.330400, 0.943500) (0.809728, 0.686867) 
(0.587786, -0.000000, 0.809017) (0.574600, 0.330400, 0.748800) (0.692370, 0.502946) 
(0.688189, 0.525736, 0.499997) (0.574600, 0.330400, 0.748800) (0.809729, 0.457292) 
(0.276388, 0.447220, 0.850649) (0.574600, 0.330400, 0.748800) (0.760342, 0.571771) 
(0.587786, -0.000000, 0.809017) (0.794700, 0.187600, 0.577300) (0.692370, 0.502946) 
(0.951058, -0.000000, 0.309013) (0.794700, 0.187600, 0.577300) (0.761683, 0.389418) 
(0.688189, 0.525736, 0.499997) (0.794700, 0.187600, 0.577300) (0.809729, 0.457292) 
(0.951058, -0.000000, 0.309013) (0.889700, 0.330400, 0.315100) (0.761683, 0.389418) 
(0.894426, 0.447216, 0.000000) (0.889700, 0.330400, 0.315100) (0.878262, 0.378626) 
(0.688189, 0.525736, 0.499997) (0.889700, 0.330400, 0.315100) (0.809729, 0.457292) 
(0.587786, 0.000000, -0.809017) (0.306600, 0.125600, -0.943500) (0.117346, 0.277880) 
(0.000000, 0.000000, -1.000000) (0.306600, 0.125600, -0.943500) (0.000000, 0.263606) 
(0.276388, 0.447220, -0.850649) (0.306600, 0.125600, -0.943500) (0.066539, 0.167749) 
(0.587786, 0.000000, -0.809017) (0.303500, -0.187600, -0.934200) (0.756620, 0.000000) 
(0.262869, -0.525738, -0.809012) (0.303500, -0.187600, -0.934200) (0.813919, 0.099518) 
(0.000000, 0.000000, -1.000000) (0.303500, -0.187600, -0.934200) (0.688167, 0.122430) 
(0.262869, -0.525738, -0.809012) (0.024700, -0.330400, -0.943500) (0.813919, 0.099518) 
(-0.276388, -0.447220, -0.850649) (0.024700, -0.330400, -0.943500) (0.761365, 0.212621) 
(0.000000, 0.000000, -1.000000) (0.024700, -0.330400, -0.943500) (0.688167, 0.122430) 
(-0.587786, 0.000000, -0.809017) (-0.802600, 0.125600, -0.583100) (0.560505, 0.091206) 
(-0.951058, 0.000000, -0.309013) (-0.802600, 0.125600, -0.583100) (0.688167, 0.128200) 
(-0.723607, 0.447220, -0.525725) (-0.802600, 0.125600, -0.583100) (0.606939, 0.207772) 
(-0.587786, 0.000000, -0.809017) (-0.794700, -0.187600, -0.577300) (0.560505, 0.091206) 
(-0.688189, -0.525736, -0.499997) (-0.794700, -0.187600, -0.577300) (0.628626, 0.006076) 
(-0.951058, 0.000000, -0.309013) (-0.794700, -0.187600, -0.577300) (0.688167, 0.128200) 
(-0.688189, -0.525736, -0.499997) (-0.889700, -0.330400, -0.315100) (0.629948, 0.750872) 
(-0.894426, -0.447216, -0.000000) (-0.889700, -0.330400, -0.315100) (0.585143, 0.684144) 
(-0.951058, 0.000000, -0.309013) (-0.889700, -0.330400, -0.315100) (0.692369, 0.635105) 
(-0.951058, -0.000000, 0.309013) (-0.802600, 0.125600, 0.583100) (0.595010, 0.562858) 
(-0.587786, -0.000000, 0.809017) (-0.802600, 0.125600, 0.583100) (0.472416, 0.492054) 
(-0.723607, 0.447220, 0.525725) (-0.802600, 0.125600, 0.583100) (0.585144, 0.442700) 
(-0.951058, -0.000000, 0.309013) (-0.794700, -0.187600, 0.577300) (0.595010, 0.562858) 
(-0.688189, -0.525736, 0.499997) (-0.794700, -0.187600, 0.577300) (0.472416, 0.633972) 
(-0.587786, -0.000000, 0.809017) (-0.794700, -0.187600, 0.577300) (0.472416, 0.492054) 
(-0.688189, -0.525736, 0.499997) (-0.574600, -0.330400, 0.748800) (0.472416, 0.633972) 
(-0.276388, -0.447220, 0.850649) (-0.574600, -0.330400, 0.748800) (0.376574, 0.563687) 
(-0.587786, -0.000000, 0.809017) (-0.574600, -0.330400, 0.748800) (0.472416, 0.492054) 
(0.000000, -0.000000, 1.000000) (0.306600, 0.125600, 0.943500) (0.692369, 0.644832) 
(0.587786, -0.000000, 0.809017) (0.306600, 0.125600, 0.943500) (0.692370, 0.502946) 
(0.276388, 0.447220, 0.850649) (0.306600, 0.125600, 0.943500) (0.760342, 0.571771) 
(0.000000, -0.000000, 1.000000) (0.303500, -0.187600, 0.934200) (0.055368, 0.707038) 
(0.262869, -0.525738, 0.809012) (0.303500, -0.187600, 0.934200) (0.114269, 0.608459) 
(0.587786, -0.000000, 0.809017) (0.303500, -0.187600, 0.934200) (0.195635, 0.707038) 
(0.262869, -0.525738, 0.809012) (0.534600, -0.330400, 0.777900) (0.114269, 0.608459) 
(0.723607, -0.447220, 0.525725) (0.534600, -0.330400, 0.777900) (0.238636, 0.599132) 
(0.587786, -0.000000, 0.809017) (0.534600, -0.330400, 0.777900) (0.195635, 0.707038) 
(0.951058, -0.000000, 0.309013) (0.992100, 0.125600, 0.000000) (0.371415, 0.263608) 
(0.951058, 0.000000, -0.309013) (0.992100, 0.125600, 0.000000) (0.259215, 0.277881) 
(0.894426, 0.447216, 0.000000) (0.992100, 0.125600, 0.000000) (0.307900, 0.167751) 
(0.951058, -0.000000, 0.309013) (0.982200, -0.187600, -0.000000) (0.371415, 0.263608) 
(0.850648, -0.525736, -0.000000) (0.982200, -0.187600, -0.000000) (0.300546, 0.386513) 
(0.951058, 0.000000, -0.309013) (0.982200, -0.187600, -0.000000) (0.259215, 0.277881) 
(0.850648, -0.525736, -0.000000) (0.905000, -0.330400, -0.268000) (0.300546, 0.386513) 
(0.723607, -0.447220, -0.525725) (0.905000, -0.330400, -0.268000) (0.187330, 0.376850) 
(0.951058, 0.000000, -0.309013) (0.905000, -0.330400, -0.268000) (0.259215, 0.277881) 
(0.425323, -0.850654, -0.309011) (0.471300, -0.661700, -0.583100) (0.954185, 0.099519) 
(0.262869, -0.525738, -0.809012) (0.471300, -0.661700, -0.583100) (0.813919, 0.099518) 
(0.723607, -0.447220, -0.525725) (0.471300, -0.661700, -0.583100) (0.877825, 0.004332) 
(0.425323, -0.850654, -0.309011) (0.187600, -0.794700, -0.577300) (0.954185, 0.099519) 
(-0.162456, -0.850654, -0.499995) (0.187600, -0.794700, -0.577300) (0.885732, 0.221947) 
(0.262869, -0.525738, -0.809012) (0.187600, -0.794700, -0.577300) (0.813919, 0.099518) 
(-0.162456, -0.850654, -0.499995) (-0.038500, -0.661700, -0.748800) (0.885732, 0.221947) 
(-0.276388, -0.447220, -0.850649) (-0.038500, -0.661700, -0.748800) (0.761365, 0.212621) 
(0.262869, -0.525738, -0.809012) (-0.038500, -0.661700, -0.748800) (0.813919, 0.099518) 
(-0.162456, -0.850654, -0.499995) (-0.408900, -0.661700, -0.628400) (0.885732, 0.221947) 
(-0.688189, -0.525736, -0.499997) (-0.408900, -0.661700, -0.628400) (0.804366, 0.320525) 
(-0.276388, -0.447220, -0.850649) (-0.408900, -0.661700, -0.628400) (0.761365, 0.212621) 
(-0.162456, -0.850654, -0.499995) (-0.491100, -0.794700, -0.356800) (0.885732, 0.221947) 
(-0.525730, -0.850652, -0.000000) (-0.491100, -0.794700, -0.356800) (0.944632, 0.320525) 
(-0.688189, -0.525736, -0.499997) (-0.491100, -0.794700, -0.356800) (0.804366, 0.320525) 
(-0.525730, -0.850652, -0.000000) (-0.724000, -0.661700, -0.194700) (0.494010, 0.750170) 
(-0.894426, -0.447216, -0.000000) (-0.724000, -0.661700, -0.194700) (0.585143, 0.684144) 
(-0.688189, -0.525736, -0.499997) (-0.724000, -0.661700, -0.194700) (0.629948, 0.750872) 
(-0.525730, -0.850652, -0.000000) (-0.724000, -0.661700, 0.194700) (0.494010, 0.750170) 
(-0.688189, -0.525736, 0.499997) (-0.724000, -0.661700, 0.194700) (0.472416, 0.633972) 
(-0.894426, -0.447216, -0.000000) (-0.724000, -0.661700, 0.194700) (0.585143, 0.684144) 
(-0.525730, -0.850652, -0.000000) (-0.491100, -0.794700, 0.356800) (0.494010, 0.750170) 
(-0.162456, -0.850654, 0.499995) (-0.491100, -0.794700, 0.356800) (0.371416, 0.679367) 
(-0.688189, -0.525736, 0.499997) (-0.491100, -0.794700, 0.356800) (0.472416, 0.633972) 
(-0.162456, -0.850654, 0.499995) (-0.408900, -0.661700, 0.628400) (0.371416, 0.679367) 
(-0.276388, -0.447220, 0.850649) (-0.408900, -0.661700, 0.628400) (0.376574, 0.563687) 
(-0.688189, -0.525736, 0.499997) (-0.408900, -0.661700, 0.628400) (0.472416, 0.633972) 
(0.850648, -0.525736, -0.000000) (0.700200, -0.661700, -0.268000) (0.983578, 0.000001) 
(0.425323, -0.850654, -0.309011) (0.700200, -0.661700, -0.268000) (0.954185, 0.099519) 
(0.723607, -0.447220, -0.525725) (0.700200, -0.661700, -0.268000) (0.877825, 0.004332) 
(0.850648, -0.525736, -0.000000) (0.607100, -0.794700, 0.000000) (0.311832, 0.508941) 
(0.425323, -0.850654, 0.309011) (0.607100, -0.794700, 0.000000) (0.186082, 0.486029) 
(0.425323, -0.850654, -0.309011) (0.607100, -0.794700, 0.000000) (0.243378, 0.386513) 
(0.425323, -0.850654, 0.309011) (0.331300, -0.943500, -0.000000) (0.186082, 0.486029) 
(0.000000, -1.000000, -0.000000) (0.331300, -0.943500, -0.000000) (0.122176, 0.390844) 
(0.425323, -0.850654, -0.309011) (0.331300, -0.943500, -0.000000) (0.243378, 0.386513) 
(-0.162456, -0.850654, 0.499995) (-0.038500, -0.661700, 0.748800) (0.045816, 0.486030) 
(0.262869, -0.525738, 0.809012) (-0.038500, -0.661700, 0.748800) (0.114269, 0.608459) 
(-0.276388, -0.447220, 0.850649) (-0.038500, -0.661700, 0.748800) (0.000000, 0.599133) 
(-0.162456, -0.850654, 0.499995) (0.187600, -0.794700, 0.577300) (0.045816, 0.486030) 
(0.425323, -0.850654, 0.309011) (0.187600, -0.794700, 0.577300) (0.186082, 0.486029) 
(0.262869, -0.525738, 0.809012) (0.187600, -0.794700, 0.577300) (0.114269, 0.608459) 
(0.425323, -0.850654, 0.309011) (0.471300, -0.661700, 0.583100) (0.186082, 0.486029) 
(0.723607, -0.447220, 0.525725) (0.471300, -0.661700, 0.583100) (0.238636, 0.599132) 
(0.262869, -0.525738, 0.809012) (0.471300, -0.661700, 0.583100) (0.114269, 0.608459) 
(0.162456, 1.136778, -0.499995) (-0.060400, 0.997200, 0.043800) (0.073933, 0.922256) 
(0.249916, 1.120086, 0.000000) (-0.060400, 0.997200, 0.043800) (0.149924, 0.858618) 
(0.525730, 1.136779, 0.000000) (-0.060400, 0.997200, 0.043800) (0.193561, 0.902981) 
(-0.425323, 1.136778, 0.309011) (0.074600, 0.997200, 0.000000) (0.073934, 0.707038) 
(-0.202186, 1.120086, -0.146895) (0.074600, 0.997200, 0.000000) (0.057910, 0.810213) 
(-0.425323, 1.136778, -0.309011) (0.074600, 0.997200, 0.000000) (0.000000, 0.801156) 
(0.162456, 1.136778, 0.499995) (-0.060400, 0.997200, -0.043800) (0.193561, 0.769968) 
(0.249916, 1.120086, 0.000000) (-0.060400, 0.997200, -0.043800) (0.149924, 0.858618) 
(0.077226, 1.120086, 0.237683) (-0.060400, 0.997200, -0.043800) (0.149923, 0.795387) 
(-0.425323, 1.136778, -0.309011) (0.023100, 0.997200, 0.070900) (0.000000, 0.801156) 
(0.077226, 1.120086, -0.237683) (0.023100, 0.997200, 0.070900) (0.093056, 0.867780) 
(0.162456, 1.136778, -0.499995) (0.023100, 0.997200, 0.070900) (0.073933, 0.922256) 
(-0.425323, 1.136778, 0.309011) (0.023100, 0.997200, -0.070900) (0.073934, 0.707038) 
(0.077226, 1.120086, 0.237683) (0.023100, 0.997200, -0.070900) (0.149923, 0.795387) 
(-0.202186, 1.120086, 0.146895) (0.023100, 0.997200, -0.070900) (0.093056, 0.765472) 
(-0.202186, 1.120086, -0.146895) (-0.427500, 0.388000, -0.816500) (0.274439, 0.857653) 
(0.010238, 1.738429, 0.035692) (-0.427500, 0.388000, -0.816600) (0.338868, 0.715706) 
(0.077226, 1.120086, -0.237683) (-0.427500, 0.388000, -0.816600) (0.338868, 0.871230) 
(0.077226, 1.120086, 0.237683) (-0.156300, -0.490200, 0.857500) (0.427969, 0.844810) 
(-0.152603, 1.539206, 0.435398) (-0.156300, -0.490200, 0.857500) (0.479176, 0.757371) 
(-0.202186, 1.120086, 0.146895) (-0.156300, -0.490200, 0.857500) (0.479176, 0.871590) 
(0.249916, 1.120086, 0.000000) (0.699800, 0.308400, -0.644300) (0.582954, 0.768823) 
(0.010238, 1.738429, 0.035692) (0.699800, 0.308400, -0.644300) (0.647960, 0.904782) 
(0.240014, 1.630085, 0.183272) (0.699800, 0.308400, -0.644300) (0.583548, 0.893095) 
(-0.202186, 1.120086, 0.146895) (-0.989500, -0.063500, 0.130000) (0.747995, 0.801092) 
(-0.232410, 1.682261, 0.191516) (-0.989500, -0.063500, 0.130000) (0.692369, 0.917808) 
(-0.202186, 1.120086, -0.146895) (-0.989500, -0.063500, 0.129900) (0.699989, 0.769203) 
(0.077226, 1.120086, 0.237683) (0.871300, -0.232000, 0.432400) (0.427969, 0.844810) 
(0.240014, 1.630085, 0.183272) (0.871300, -0.232000, 0.432400) (0.371998, 0.768549) 
(0.139369, 1.506958, 0.430305) (0.871300, -0.232000, 0.432400) (0.418271, 0.750872) 
(0.240014, 1.630085, 0.183272) (-0.028100, 0.784400, 0.619600) (0.582954, 0.771500) 
(0.010238, 1.738429, 0.035692) (-0.028100, 0.784400, 0.619600) (0.582954, 0.838767) 
(-0.003677, 1.581066, 0.234262) (-0.028100, 0.784400, 0.619600) (0.536226, 0.804461) 
(0.010238, 1.738429, 0.035692) (0.219900, 0.757000, 0.615300) (0.582954, 0.838767) 
(-0.232410, 1.682261, 0.191516) (0.219900, 0.757000, 0.615300) (0.518815, 0.859711) 
(-0.003677, 1.581066, 0.234262) (0.219900, 0.757000, 0.615300) (0.536226, 0.804461) 
(-0.232410, 1.682261, 0.191516) (0.305400, 0.861600, 0.405400) (0.518815, 0.859711) 
(-0.152603, 1.539206, 0.435398) (0.305400, 0.861600, 0.405400) (0.479176, 0.805389) 
(-0.003677, 1.581066, 0.234262) (0.305400, 0.861600, 0.405400) (0.536226, 0.804461) 
(-0.152603, 1.539206, 0.435398) (0.110200, 0.953600, 0.280100) (0.479176, 0.805389) 
(0.139369, 1.506958, 0.430305) (0.110200, 0.953600, 0.280100) (0.518815, 0.750872) 
(-0.003677, 1.581066, 0.234262) (0.110200, 0.953600, 0.280100) (0.536226, 0.804461) 
(0.139369, 1.506958, 0.430305) (-0.095900, 0.905900, 0.412400) (0.518815, 0.750872) 
(0.240014, 1.630085, 0.183272) (-0.095900, 0.905900, 0.412400) (0.582954, 0.771500) 
(-0.003677, 1.581066, 0.234262) (-0.095900, 0.905900, 0.412400) (0.536226, 0.804461) 
(0.162456, 0.850654, 0.499995) (0.809000, -0.000000, 0.587800) (0.360723, 0.399867) 
(0.525730, 0.850652, 0.000000) (0.809000, -0.000000, 0.587800) (0.360723, 0.536585) 
(0.525730, 1.136779, 0.000000) (0.809000, -0.000000, 0.587800) (0.317737, 0.523230) 
(-0.425323, 0.850654, -0.309011) (-0.309000, 0.000000, -0.951100) (0.560507, 0.318413) 
(-0.425323, 1.136778, -0.309011) (-0.309000, 0.000000, -0.951100) (0.552883, 0.378626) 
(0.162456, 1.136778, -0.499995) (-0.309000, 0.000000, -0.951100) (0.414446, 0.374060) 
(0.162456, 0.850654, 0.499995) (-0.309000, -0.000000, 0.951100) (0.272229, 0.936887) 
(0.162456, 1.136778, 0.499995) (-0.309000, -0.000000, 0.951100) (0.207432, 0.936102) 
(-0.425323, 1.136778, 0.309011) (-0.309000, -0.000000, 0.951100) (0.193561, 0.827479) 
(0.162456, 0.850654, -0.499995) (0.809000, 0.000000, -0.587800) (0.114670, 0.064742) 
(0.162456, 1.136778, -0.499995) (0.809000, 0.000000, -0.587800) (0.115022, 0.000000) 
(0.525730, 1.136779, 0.000000) (0.809000, 0.000000, -0.587800) (0.256890, 0.000000) 
(-0.425323, 0.850654, 0.309011) (-1.000000, -0.000000, 0.000000) (0.258358, 0.828264) 
(-0.425323, 1.136778, 0.309011) (-1.000000, -0.000000, 0.000000) (0.193561, 0.827479) 
(-0.425323, 1.136778, -0.309011) (-1.000000, -0.000000, 0.000000) (0.207432, 0.707038) 
(0.162456, 1.136778, -0.499995) (-0.060400, 0.997200, 0.043800) (0.073933, 0.922256) 
(0.077226, 1.120086, -0.237683) (-0.060400, 0.997200, 0.043800) (0.093056, 0.867780) 
(0.249916, 1.120086, 0.000000) (-0.060400, 0.997200, 0.043800) (0.149924, 0.858618) 
(-0.425323, 1.136778, 0.309011) (0.074600, 0.997200, 0.000000) (0.073934, 0.707038) 
(-0.202186, 1.120086, 0.146895) (0.074600, 0.997200, 0.000000) (0.093056, 0.765472) 
(-0.202186, 1.120086, -0.146895) (0.074600, 0.997200, 0.000000) (0.057910, 0.810213) 
(0.162456, 1.136778, 0.499995) (-0.060400, 0.997200, -0.043800) (0.193561, 0.769968) 
(0.525730, 1.136779, 0.000000) (-0.060400, 0.997200, -0.043800) (0.193561, 0.902981) 
(0.249916, 1.120086, 0.000000) (-0.060400, 0.997200, -0.043800) (0.149924, 0.858618) 
(-0.425323, 1.136778, -0.309011) (0.023100, 0.997200, 0.070900) (0.000000, 0.801156) 
(-0.202186, 1.120086, -0.146895) (0.023100, 0.997200, 0.070900) (0.057910, 0.810213) 
(0.077226, 1.120086, -0.237683) (0.023100, 0.997200, 0.070900) (0.093056, 0.867780) 
(-0.425323, 1.136778, 0.309011) (0.023100, 0.997200, -0.070900) (0.073934, 0.707038) 
(0.162456, 1.136778, 0.499995) (0.023100, 0.997200, -0.070900) (0.193561, 0.769968) 
(0.077226, 1.120086, 0.237683) (0.023100, 0.997200, -0.070900) (0.149923, 0.795387) 
(-0.202186, 1.120086, -0.146895) (-0.427500, 0.388000, -0.816500) (0.274439, 0.857653) 
(-0.232410, 1.682261, 0.191516) (-0.427500, 0.388000, -0.816600) (0.272229, 0.707038) 
(0.010238, 1.738429, 0.035692) (-0.427500, 0.388000, -0.816600) (0.338868, 0.715706) 
(0.077226, 1.120086, 0.237683) (-0.156300, -0.490200, 0.857500) (0.427969, 0.844810) 
(0.139369, 1.506958, 0.430305) (-0.156300, -0.490200, 0.857500) (0.418271, 0.750872) 
(-0.152603, 1.539206, 0.435398) (-0.156300, -0.490200, 0.857500) (0.479176, 0.757371) 
(0.249916, 1.120086, 0.000000) (0.699800, 0.308400, -0.644300) (0.582954, 0.768823) 
(0.077226, 1.120086, -0.237683) (0.699800, 0.308400, -0.644300) (0.647960, 0.750872) 
(0.010238, 1.738429, 0.035692) (0.699800, 0.308400, -0.644300) (0.647960, 0.904782) 
(-0.202186, 1.120086, 0.146895) (-0.989500, -0.063500, 0.130000) (0.747995, 0.801092) 
(-0.152603, 1.539206, 0.435398) (-0.989500, -0.063500, 0.130000) (0.757047, 0.917808) 
(-0.232410, 1.682261, 0.191516) (-0.989500, -0.063500, 0.130000) (0.692369, 0.917808) 
(0.077226, 1.120086, 0.237683) (0.871300, -0.232000, 0.432400) (0.427969, 0.844810) 
(0.249916, 1.120086, 0.000000) (0.871300, -0.232000, 0.432400) (0.371415, 0.876835) 
(0.240014, 1.630085, 0.183272) (0.871300, -0.232000, 0.432400) (0.371998, 0.768549) 
