312
(0.000000, -1.000000, -0.000000) (0.102400, -0.943500, 0.315100) (0.395451, 0.655034) 
(0.425323, -0.850654, 0.309011) (0.102400, -0.943500, 0.315100) (0.499483, 0.608253) 
(-0.162456, -0.850654, 0.499995) (0.102400, -0.943500, 0.315100) (0.484773, 0.716184) 
(0.723607, -0.447220, 0.525725) (0.700200, -0.661700, 0.268000) (0.592012, 0.541548) 
(0.425323, -0.850654, 0.309011) (0.700200, -0.661700, 0.268000) (0.499483, 0.608253) 
(0.850648, -0.525736, -0.000000) (0.700200, -0.661700, 0.268000) (0.499483, 0.474843) 
(0.000000, -1.000000, -0.000000) (-0.268000, -0.943500, 0.194700) (0.000000, 0.758765) 
(-0.162456, -0.850654, 0.499995) (-0.268000, -0.943500, 0.194700) (0.048385, 0.655550) 
(-0.525730, -0.850652, -0.000000) (-0.268000, -0.943500, 0.194700) (0.107022, 0.746168) 
(0.000000, -1.000000, -0.000000) (-0.268000, -0.943500, -0.194700) (0.000000, 0.758765) 
(-0.525730, -0.850652, -0.000000) (-0.268000, -0.943500, -0.194700) (0.107022, 0.746168) 
(-0.162456, -0.850654, -0.499995) (-0.268000, -0.943500, -0.194700) (0.046832, 0.863467) 
(0.000000, -1.000000, -0.000000) (0.102400, -0.943500, -0.315100) (0.395451, 0.655034) 
(-0.162456, -0.850654, -0.499995) (0.102400, -0.943500, -0.315100) (0.297832, 0.608254) 
(0.425323, -0.850654, -0.309011) (0.102400, -0.943500, -0.315100) (0.383948, 0.541549) 
(0.723607, -0.447220, 0.525725) (0.905000, -0.330400, 0.268000) (0.592012, 0.541548) 
(0.850648, -0.525736, -0.000000) (0.905000, -0.330400, 0.268000) (0.499483, 0.474843) 
(0.951058, -0.000000, 0.309013) (0.905000, -0.330400, 0.268000) (0.600310, 0.433616) 
(-0.276388, -0.447220, 0.850649) (0.024700, -0.330400, 0.943500) (0.696806, 0.549795) 
(0.262869, -0.525738, 0.809012) (0.024700, -0.330400, 0.943500) (0.787201, 0.473985) 
(0.000000, -0.000000, 1.000000) (0.024700, -0.330400, 0.943500) (0.800107, 0.606768) 
(-0.894426, -0.447216, -0.000000) (-0.889700, -0.330400, 0.315100) (0.224157, 0.750753) 
(-0.688189, -0.525736, 0.499997) (-0.889700, -0.330400, 0.315100) (0.180142, 0.650841) 
(-0.951058, -0.000000, 0.309013) (-0.889700, -0.330400, 0.315100) (0.296901, 0.704515) 
(-0.276388, -0.447220, -0.850649) (-0.574600, -0.330400, -0.748800) (0.121755, 0.950315) 
(-0.688189, -0.525736, -0.499997) (-0.574600, -0.330400, -0.748800) (0.178589, 0.858758) 
(-0.587786, 0.000000, -0.809017) (-0.574600, -0.330400, -0.748800) (0.235752, 0.950315) 
(0.723607, -0.447220, -0.525725) (0.534600, -0.330400, -0.777900) (0.710291, 0.061377) 
(0.262869, -0.525738, -0.809012) (0.534600, -0.330400, -0.777900) (0.802703, 0.108756) 
(0.587786, 0.000000, -0.809017) (0.534600, -0.330400, -0.777900) (0.691253, 0.175135) 
(0.723607, -0.447220, 0.525725) (0.802600, -0.125600, 0.583100) (0.538388, 0.000000) 
(0.951058, -0.000000, 0.309013) (0.802600, -0.125600, 0.583100) (0.522225, 0.079439) 
(0.587786, -0.000000, 0.809017) (0.802600, -0.125600, 0.583100) (0.424132, 0.010178) 
(-0.276388, -0.447220, 0.850649) (-0.306600, -0.125600, 0.943500) (0.696806, 0.549795) 
(0.000000, -0.000000, 1.000000) (-0.306600, -0.125600, 0.943500) (0.800107, 0.606768) 
(-0.587786, -0.000000, 0.809017) (-0.306600, -0.125600, 0.943500) (0.684601, 0.659059) 
(-0.894426, -0.447216, -0.000000) (-0.992100, -0.125600, -0.000000) (0.224157, 0.750753) 
(-0.951058, -0.000000, 0.309013) (-0.992100, -0.125600, -0.000000) (0.296901, 0.704515) 
(-0.951058, 0.000000, -0.309013) (-0.992100, -0.125600, -0.000000) (0.295941, 0.833014) 
(-0.276388, -0.447220, -0.850649) (-0.306600, -0.125600, -0.943500) (0.899898, 0.175409) 
(-0.587786, 0.000000, -0.809017) (-0.306600, -0.125600, -0.943500) (0.920269, 0.282878) 
(0.000000, 0.000000, -1.000000) (-0.306600, -0.125600, -0.943500) (0.802702, 0.242161) 
(0.723607, -0.447220, -0.525725) (0.802600, -0.125600, -0.583100) (0.710291, 0.061377) 
(0.587786, 0.000000, -0.809017) (0.802600, -0.125600, -0.583100) (0.691253, 0.175135) 
(0.951058, 0.000000, -0.309013) (0.802600, -0.125600, -0.583100) (0.628492, 0.107401) 
(0.276388, 0.447220, 0.850649) (0.408900, 0.661700, 0.628400) (0.323509, 0.070959) 
(0.688189, 0.525736, 0.499997) (0.408900, 0.661700, 0.628400) (0.395923, 0.121147) 
(0.162456, 0.850654, 0.499995) (0.408900, 0.661700, 0.628400) (0.297831, 0.185176) 
(-0.723607, 0.447220, 0.525725) (-0.471300, 0.661700, 0.583100) (0.193400, 0.428620) 
(-0.262869, 0.525738, 0.809012) (-0.471300, 0.661700, 0.583100) (0.113895, 0.489771) 
(-0.425323, 0.850654, 0.309011) (-0.471300, 0.661700, 0.583100) (0.085660, 0.381840) 
(-0.723607, 0.447220, -0.525725) (-0.700200, 0.661700, -0.268000) (0.193400, 0.201651) 
(-0.850648, 0.525736, 0.000000) (-0.700200, 0.661700, -0.268000) (0.199338, 0.315135) 
(-0.425323, 0.850654, -0.309011) (-0.700200, 0.661700, -0.268000) (0.085660, 0.248431) 
(0.276388, 0.447220, -0.850649) (0.038500, 0.661700, -0.748800) (0.710290, 0.288339) 
(-0.262869, 0.525738, -0.809012) (0.038500, 0.661700, -0.748800) (0.808820, 0.349256) 
(0.162456, 0.850654, -0.499995) (0.038500, 0.661700, -0.748800) (0.701152, 0.348417) 
(0.894426, 0.447216, 0.000000) (0.724000, 0.661700, -0.194700) (0.490395, 0.188790) 
(0.688189, 0.525736, -0.499997) (0.724000, 0.661700, -0.194700) (0.522223, 0.295103) 
(0.525730, 0.850652, 0.000000) (0.724000, 0.661700, -0.194700) (0.395923, 0.254435) 
(0.525730, 0.850652, 0.000000) (0.268000, 0.943500, -0.194700) (0.395923, 0.254435) 
(0.162456, 0.850654, -0.499995) (0.268000, 0.943500, -0.194700) (0.424131, 0.359131) 
(0.000000, 1.000000, 0.000000) (0.268000, 0.943500, -0.194700) (0.323511, 0.297721) 
(0.525730, 0.850652, 0.000000) (0.491100, 0.794700, -0.356800) (0.395923, 0.254435) 
(0.688189, 0.525736, -0.499997) (0.491100, 0.794700, -0.356800) (0.522223, 0.295103) 
(0.162456, 0.850654, -0.499995) (0.491100, 0.794700, -0.356800) (0.424131, 0.359131) 
(0.688189, 0.525736, -0.499997) (0.408900, 0.661700, -0.628400) (0.522223, 0.295103) 
(0.276388, 0.447220, -0.850649) (0.408900, 0.661700, -0.628400) (0.538386, 0.366911) 
(0.162456, 0.850654, -0.499995) (0.408900, 0.661700, -0.628400) (0.424131, 0.359131) 
(0.162456, 0.850654, -0.499995) (-0.102400, 0.943500, -0.315100) (0.000217, 0.207205) 
(-0.425323, 0.850654, -0.309011) (-0.102400, 0.943500, -0.315100) (0.085660, 0.248431) 
(0.000000, 1.000000, 0.000000) (-0.102400, 0.943500, -0.315100) (0.000000, 0.315135) 
(0.162456, 0.850654, -0.499995) (-0.187600, 0.794700, -0.577300) (0.000217, 0.207205) 
(-0.262869, 0.525738, -0.809012) (-0.187600, 0.794700, -0.577300) (0.113895, 0.140500) 
(-0.425323, 0.850654, -0.309011) (-0.187600, 0.794700, -0.577300) (0.085660, 0.248431) 
(-0.262869, 0.525738, -0.809012) (-0.471300, 0.661700, -0.583100) (0.113895, 0.140500) 
(-0.723607, 0.447220, -0.525725) (-0.471300, 0.661700, -0.583100) (0.193400, 0.201651) 
(-0.425323, 0.850654, -0.309011) (-0.471300, 0.661700, -0.583100) (0.085660, 0.248431) 
(-0.425323, 0.850654, -0.309011) (-0.331300, 0.943500, 0.000000) (0.085660, 0.248431) 
(-0.425323, 0.850654, 0.309011) (-0.331300, 0.943500, 0.000000) (0.085660, 0.381840) 
(0.000000, 1.000000, 0.000000) (-0.331300, 0.943500, 0.000000) (0.000000, 0.315135) 
(-0.425323, 0.850654, -0.309011) (-0.607100, 0.794700, 0.000000) (0.085660, 0.248431) 
(-0.850648, 0.525736, 0.000000) (-0.607100, 0.794700, 0.000000) (0.199338, 0.315135) 
(-0.425323, 0.850654, 0.309011) (-0.607100, 0.794700, 0.000000) (0.085660, 0.381840) 
(-0.850648, 0.525736, 0.000000) (-0.700200, 0.661700, 0.268000) (0.199338, 0.315135) 
(-0.723607, 0.447220, 0.525725) (-0.700200, 0.661700, 0.268000) (0.193400, 0.428620) 
(-0.425323, 0.850654, 0.309011) (-0.700200, 0.661700, 0.268000) (0.085660, 0.381840) 
(-0.425323, 0.850654, 0.309011) (-0.102400, 0.943500, 0.315100) (0.085660, 0.381840) 
(0.162456, 0.850654, 0.499995) (-0.102400, 0.943500, 0.315100) (0.000217, 0.423066) 
(0.000000, 1.000000, 0.000000) (-0.102400, 0.943500, 0.315100) (0.000000, 0.315135) 
(-0.425323, 0.850654, 0.309011) (-0.187600, 0.794700, 0.577300) (0.085660, 0.381840) 
(-0.262869, 0.525738, 0.809012) (-0.187600, 0.794700, 0.577300) (0.113895, 0.489771) 
(0.162456, 0.850654, 0.499995) (-0.187600, 0.794700, 0.577300) (0.000217, 0.423066) 
(-0.262869, 0.525738, 0.809012) (0.038500, 0.661700, 0.748800) (0.800107, 0.714536) 
(0.276388, 0.447220, 0.850649) (0.038500, 0.661700, 0.748800) (0.893315, 0.644180) 
(0.162456, 0.850654, 0.499995) (0.038500, 0.661700, 0.748800) (0.902707, 0.703836) 
(0.162456, 0.850654, 0.499995) (0.268000, 0.943500, 0.194700) (0.297831, 0.185176) 
(0.525730, 0.850652, 0.000000) (0.268000, 0.943500, 0.194700) (0.395923, 0.254435) 
(0.000000, 1.000000, 0.000000) (0.268000, 0.943500, 0.194700) (0.323511, 0.297721) 
(0.162456, 0.850654, 0.499995) (0.491100, 0.794700, 0.356800) (0.297831, 0.185176) 
(0.688189, 0.525736, 0.499997) (0.491100, 0.794700, 0.356800) (0.395923, 0.121147) 
(0.525730, 0.850652, 0.000000) (0.491100, 0.794700, 0.356800) (0.395923, 0.254435) 
(0.688189, 0.525736, 0.499997) (0.724000, 0.661700, 0.194700) (0.395923, 0.121147) 
(0.894426, 0.447216, 0.000000) (0.724000, 0.661700, 0.194700) (0.490395, 0.188790) 
(0.525730, 0.850652, 0.000000) (0.724000, 0.661700, 0.194700) (0.395923, 0.254435) 
(0.951058, 0.000000, -0.309013) (0.889700, 0.330400, -0.315100) (0.600282, 0.186949) 
(0.688189, 0.525736, -0.499997) (0.889700, 0.330400, -0.315100) (0.522223, 0.295103) 
(0.894426, 0.447216, 0.000000) (0.889700, 0.330400, -0.315100) (0.490395, 0.188790) 
(0.951058, 0.000000, -0.309013) (0.794700, 0.187600, -0.577300) (0.600282, 0.186949) 
(0.587786, 0.000000, -0.809017) (0.794700, 0.187600, -0.577300) (0.628492, 0.291647) 
(0.688189, 0.525736, -0.499997) (0.794700, 0.187600, -0.577300) (0.522223, 0.295103) 
(0.587786, 0.000000, -0.809017) (0.574600, 0.330400, -0.748800) (0.691253, 0.175135) 
(0.276388, 0.447220, -0.850649) (0.574600, 0.330400, -0.748800) (0.710290, 0.288339) 
(0.688189, 0.525736, -0.499997) (0.574600, 0.330400, -0.748800) (0.628492, 0.240805) 
(0.000000, 0.000000, -1.000000) (-0.024700, 0.330400, -0.943500) (0.802702, 0.242161) 
(-0.262869, 0.525738, -0.809012) (-0.024700, 0.330400, -0.943500) (0.808820, 0.349256) 
(0.276388, 0.447220, -0.850649) (-0.024700, 0.330400, -0.943500) (0.710290, 0.288339) 
(-0.262869, 0.525738, -0.809012) (-0.794700, 0.491100, 0.356800) (0.113895, 0.140500) 
(-0.799266, 0.130706, -1.459886) (-0.794700, 0.491100, 0.356800) (0.254908, 0.000000) 
(-0.587786, 0.000000, -0.809017) (-0.794700, 0.491100, 0.356800) (0.245024, 0.140499) 
(-0.587786, 0.000000, -0.809017) (-0.534600, 0.330400, -0.777900) (0.245024, 0.140499) 
(-0.723607, 0.447220, -0.525725) (-0.534600, 0.330400, -0.777900) (0.193400, 0.201651) 
(-0.262869, 0.525738, -0.809012) (-0.534600, 0.330400, -0.777900) (0.113895, 0.140500) 
(-0.850648, 0.525736, 0.000000) (-0.173100, -0.474300, -0.863200) (0.939407, 0.003581) 
(-1.037153, 0.031431, 0.309013) (-0.173100, -0.474300, -0.863200) (0.920269, 0.130367) 
(-0.936743, 0.557167, 0.000000) (-0.173100, -0.474300, -0.863200) (0.920269, 0.000000) 
(-0.951058, 0.000000, -0.309013) (-0.982200, 0.187600, 0.000000) (0.839162, 0.789346) 
(-0.951058, -0.000000, 0.309013) (-0.982200, 0.187600, 0.000000) (0.949623, 0.714536) 
(-0.850648, 0.525736, 0.000000) (-0.982200, 0.187600, 0.000000) (0.949623, 0.833491) 
(-0.850648, 0.525736, 0.000000) (0.342400, 0.937800, 0.057300) (0.557986, 0.828958) 
(-0.809703, 0.478650, 0.525725) (0.342400, 0.937800, 0.057300) (0.571187, 0.716184) 
(-0.723607, 0.447220, 0.525725) (0.342400, 0.937800, 0.057300) (0.586257, 0.717348) 
(-0.587786, -0.000000, 0.809017) (-0.534600, 0.330400, 0.777900) (0.245024, 0.489772) 
(-0.262869, 0.525738, 0.809012) (-0.534600, 0.330400, 0.777900) (0.113895, 0.489771) 
(-0.723607, 0.447220, 0.525725) (-0.534600, 0.330400, 0.777900) (0.193400, 0.428620) 
(-0.262869, 0.525738, 0.809012) (0.852600, 0.491100, 0.178400) (0.600310, 0.886316) 
(-0.242442, 0.149841, 1.746159) (0.852600, 0.491100, 0.178400) (0.733691, 0.714783) 
(0.000000, -0.000000, 1.000000) (0.852600, 0.491100, 0.178400) (0.733691, 0.886563) 
(0.000000, -0.000000, 1.000000) (-0.024700, 0.330400, 0.943500) (0.800107, 0.606768) 
(0.276388, 0.447220, 0.850649) (-0.024700, 0.330400, 0.943500) (0.893315, 0.644180) 
(-0.262869, 0.525738, 0.809012) (-0.024700, 0.330400, 0.943500) (0.800107, 0.714536) 
(0.587786, -0.000000, 0.809017) (0.574600, 0.330400, 0.748800) (0.424132, 0.010178) 
(0.688189, 0.525736, 0.499997) (0.574600, 0.330400, 0.748800) (0.395923, 0.121147) 
(0.276388, 0.447220, 0.850649) (0.574600, 0.330400, 0.748800) (0.323509, 0.070959) 
(0.587786, -0.000000, 0.809017) (0.794700, 0.187600, 0.577300) (0.424132, 0.010178) 
(0.951058, -0.000000, 0.309013) (0.794700, 0.187600, 0.577300) (0.522225, 0.079439) 
(0.688189, 0.525736, 0.499997) (0.794700, 0.187600, 0.577300) (0.395923, 0.121147) 
(0.951058, -0.000000, 0.309013) (0.889700, 0.330400, 0.315100) (0.522225, 0.079439) 
(0.894426, 0.447216, 0.000000) (0.889700, 0.330400, 0.315100) (0.490395, 0.188790) 
(0.688189, 0.525736, 0.499997) (0.889700, 0.330400, 0.315100) (0.395923, 0.121147) 
(0.587786, 0.000000, -0.809017) (0.306600, 0.125600, -0.943500) (0.691253, 0.175135) 
(0.000000, 0.000000, -1.000000) (0.306600, 0.125600, -0.943500) (0.802702, 0.242161) 
(0.276388, 0.447220, -0.850649) (0.306600, 0.125600, -0.943500) (0.710290, 0.288339) 
(0.587786, 0.000000, -0.809017) (0.303500, -0.187600, -0.934200) (0.691253, 0.175135) 
(0.262869, -0.525738, -0.809012) (0.303500, -0.187600, -0.934200) (0.802703, 0.108756) 
(0.000000, 0.000000, -1.000000) (0.303500, -0.187600, -0.934200) (0.802702, 0.242161) 
(0.262869, -0.525738, -0.809012) (0.024700, -0.330400, -0.943500) (0.802703, 0.108756) 
(-0.276388, -0.447220, -0.850649) (0.024700, -0.330400, -0.943500) (0.899898, 0.175409) 
(0.000000, 0.000000, -1.000000) (0.024700, -0.330400, -0.943500) (0.802702, 0.242161) 
(-0.587786, 0.000000, -0.809017) (-0.802600, 0.125600, -0.583100) (0.245024, 0.140499) 
(-0.951058, 0.000000, -0.309013) (-0.802600, 0.125600, -0.583100) (0.297831, 0.248431) 
(-0.723607, 0.447220, -0.525725) (-0.802600, 0.125600, -0.583100) (0.193400, 0.201651) 
(-0.587786, 0.000000, -0.809017) (-0.794700, -0.187600, -0.577300) (0.235752, 0.950315) 
(-0.688189, -0.525736, -0.499997) (-0.794700, -0.187600, -0.577300) (0.178589, 0.858758) 
(-0.951058, 0.000000, -0.309013) (-0.794700, -0.187600, -0.577300) (0.295941, 0.833014) 
(-0.688189, -0.525736, -0.499997) (-0.889700, -0.330400, -0.315100) (0.178589, 0.858758) 
(-0.894426, -0.447216, -0.000000) (-0.889700, -0.330400, -0.315100) (0.224157, 0.750753) 
(-0.951058, 0.000000, -0.309013) (-0.889700, -0.330400, -0.315100) (0.295941, 0.833014) 
(-0.951058, -0.000000, 0.309013) (-0.802600, 0.125600, 0.583100) (0.297831, 0.381840) 
(-0.587786, -0.000000, 0.809017) (-0.802600, 0.125600, 0.583100) (0.245024, 0.489772) 
(-0.723607, 0.447220, 0.525725) (-0.802600, 0.125600, 0.583100) (0.193400, 0.428620) 
(-0.951058, -0.000000, 0.309013) (-0.794700, -0.187600, 0.577300) (0.600310, 0.666364) 
(-0.688189, -0.525736, 0.499997) (-0.794700, -0.187600, 0.577300) (0.600309, 0.558595) 
(-0.587786, -0.000000, 0.809017) (-0.794700, -0.187600, 0.577300) (0.684601, 0.659059) 
(-0.688189, -0.525736, 0.499997) (-0.574600, -0.330400, 0.748800) (0.600309, 0.558595) 
(-0.276388, -0.447220, 0.850649) (-0.574600, -0.330400, 0.748800) (0.696806, 0.549795) 
(-0.587786, -0.000000, 0.809017) (-0.574600, -0.330400, 0.748800) (0.684601, 0.659059) 
(0.000000, -0.000000, 1.000000) (0.306600, 0.125600, 0.943500) (0.800107, 0.606768) 
(0.587786, -0.000000, 0.809017) (0.306600, 0.125600, 0.943500) (0.902707, 0.529463) 
(0.276388, 0.447220, 0.850649) (0.306600, 0.125600, 0.943500) (0.893315, 0.644180) 
(0.000000, -0.000000, 1.000000) (0.303500, -0.187600, 0.934200) (0.800107, 0.606768) 
(0.262869, -0.525738, 0.809012) (0.303500, -0.187600, 0.934200) (0.787201, 0.473985) 
(0.587786, -0.000000, 0.809017) (0.303500, -0.187600, 0.934200) (0.902707, 0.529463) 
(0.262869, -0.525738, 0.809012) (0.534600, -0.330400, 0.777900) (0.787201, 0.473985) 
(0.723607, -0.447220, 0.525725) (0.534600, -0.330400, 0.777900) (0.871359, 0.418278) 
(0.587786, -0.000000, 0.809017) (0.534600, -0.330400, 0.777900) (0.902707, 0.529463) 
(0.951058, -0.000000, 0.309013) (0.992100, 0.125600, 0.000000) (0.522225, 0.079439) 
(0.951058, 0.000000, -0.309013) (0.992100, 0.125600, 0.000000) (0.600282, 0.186949) 
(0.894426, 0.447216, 0.000000) (0.992100, 0.125600, 0.000000) (0.490395, 0.188790) 
(0.951058, -0.000000, 0.309013) (0.982200, -0.187600, -0.000000) (0.522225, 0.079439) 
(0.850648, -0.525736, -0.000000) (0.982200, -0.187600, -0.000000) (0.628492, 0.075981) 
(0.951058, 0.000000, -0.309013) (0.982200, -0.187600, -0.000000) (0.600282, 0.186949) 
(0.850648, -0.525736, -0.000000) (0.905000, -0.330400, -0.268000) (0.499483, 0.474843) 
(0.723607, -0.447220, -0.525725) (0.905000, -0.330400, -0.268000) (0.395451, 0.428063) 
(0.951058, 0.000000, -0.309013) (0.905000, -0.330400, -0.268000) (0.484774, 0.366911) 
(0.425323, -0.850654, -0.309011) (0.471300, -0.661700, -0.583100) (0.383948, 0.541549) 
(0.262869, -0.525738, -0.809012) (0.471300, -0.661700, -0.583100) (0.297831, 0.474844) 
(0.723607, -0.447220, -0.525725) (0.471300, -0.661700, -0.583100) (0.395451, 0.428063) 
(0.425323, -0.850654, -0.309011) (0.187600, -0.794700, -0.577300) (0.808822, 0.000000) 
(-0.162456, -0.850654, -0.499995) (0.187600, -0.794700, -0.577300) (0.920269, 0.067025) 
(0.262869, -0.525738, -0.809012) (0.187600, -0.794700, -0.577300) (0.802703, 0.108756) 
(-0.162456, -0.850654, -0.499995) (-0.038500, -0.661700, -0.748800) (0.920269, 0.067025) 
(-0.276388, -0.447220, -0.850649) (-0.038500, -0.661700, -0.748800) (0.899898, 0.175409) 
(0.262869, -0.525738, -0.809012) (-0.038500, -0.661700, -0.748800) (0.802703, 0.108756) 
(-0.162456, -0.850654, -0.499995) (-0.408900, -0.661700, -0.628400) (0.046832, 0.863467) 
(-0.688189, -0.525736, -0.499997) (-0.408900, -0.661700, -0.628400) (0.178589, 0.858758) 
(-0.276388, -0.447220, -0.850649) (-0.408900, -0.661700, -0.628400) (0.121755, 0.950315) 
(-0.162456, -0.850654, -0.499995) (-0.491100, -0.794700, -0.356800) (0.046832, 0.863467) 
(-0.525730, -0.850652, -0.000000) (-0.491100, -0.794700, -0.356800) (0.107022, 0.746168) 
(-0.688189, -0.525736, -0.499997) (-0.491100, -0.794700, -0.356800) (0.178589, 0.858758) 
(-0.525730, -0.850652, -0.000000) (-0.724000, -0.661700, -0.194700) (0.107022, 0.746168) 
(-0.894426, -0.447216, -0.000000) (-0.724000, -0.661700, -0.194700) (0.224157, 0.750753) 
(-0.688189, -0.525736, -0.499997) (-0.724000, -0.661700, -0.194700) (0.178589, 0.858758) 
(-0.525730, -0.850652, -0.000000) (-0.724000, -0.661700, 0.194700) (0.107022, 0.746168) 
(-0.688189, -0.525736, 0.499997) (-0.724000, -0.661700, 0.194700) (0.180142, 0.650841) 
(-0.894426, -0.447216, -0.000000) (-0.724000, -0.661700, 0.194700) (0.224157, 0.750753) 
(-0.525730, -0.850652, -0.000000) (-0.491100, -0.794700, 0.356800) (0.107022, 0.746168) 
(-0.162456, -0.850654, 0.499995) (-0.491100, -0.794700, 0.356800) (0.048385, 0.655550) 
(-0.688189, -0.525736, 0.499997) (-0.491100, -0.794700, 0.356800) (0.180142, 0.650841) 
(-0.162456, -0.850654, 0.499995) (-0.408900, -0.661700, 0.628400) (0.663720, 0.444215) 
(-0.276388, -0.447220, 0.850649) (-0.408900, -0.661700, 0.628400) (0.696806, 0.549795) 
(-0.688189, -0.525736, 0.499997) (-0.408900, -0.661700, 0.628400) (0.600309, 0.558595) 
(0.850648, -0.525736, -0.000000) (0.700200, -0.661700, -0.268000) (0.499483, 0.474843) 
(0.425323, -0.850654, -0.309011) (0.700200, -0.661700, -0.268000) (0.383948, 0.541549) 
(0.723607, -0.447220, -0.525725) (0.700200, -0.661700, -0.268000) (0.395451, 0.428063) 
(0.850648, -0.525736, -0.000000) (0.607100, -0.794700, 0.000000) (0.499483, 0.474843) 
(0.425323, -0.850654, 0.309011) (0.607100, -0.794700, 0.000000) (0.499483, 0.608253) 
(0.425323, -0.850654, -0.309011) (0.607100, -0.794700, 0.000000) (0.383948, 0.541549) 
(0.425323, -0.850654, 0.309011) (0.331300, -0.943500, -0.000000) (0.499483, 0.608253) 
(0.000000, -1.000000, -0.000000) (0.331300, -0.943500, -0.000000) (0.395451, 0.655034) 
(0.425323, -0.850654, -0.309011) (0.331300, -0.943500, -0.000000) (0.383948, 0.541549) 
(-0.162456, -0.850654, 0.499995) (-0.038500, -0.661700, 0.748800) (0.663720, 0.444215) 
(0.262869, -0.525738, 0.809012) (-0.038500, -0.661700, 0.748800) (0.787201, 0.473985) 
(-0.276388, -0.447220, 0.850649) (-0.038500, -0.661700, 0.748800) (0.696806, 0.549795) 
(-0.162456, -0.850654, 0.499995) (0.187600, -0.794700, 0.577300) (0.663720, 0.444215) 
(0.425323, -0.850654, 0.309011) (0.187600, -0.794700, 0.577300) (0.766319, 0.366911) 
(0.262869, -0.525738, 0.809012) (0.187600, -0.794700, 0.577300) (0.787201, 0.473985) 
(0.425323, -0.850654, 0.309011) (0.471300, -0.661700, 0.583100) (0.499483, 0.608253) 
(0.723607, -0.447220, 0.525725) (0.471300, -0.661700, 0.583100) (0.592012, 0.541548) 
(0.262869, -0.525738, 0.809012) (0.471300, -0.661700, 0.583100) (0.600310, 0.649479) 
(-0.830228, 0.149841, 1.555176) (-0.303500, 0.187600, 0.934200) (0.936307, 0.961629) 
(-0.242442, 0.149841, 1.746159) (-0.303500, 0.187600, 0.934200) (0.839162, 0.880150) 
(-0.505311, 0.675579, 1.555171) (-0.303500, 0.187600, 0.934200) (0.936307, 0.833491) 
(-0.587786, -0.000000, 0.809017) (-0.058000, -0.982200, 0.178400) (0.733691, 0.714536) 
(-0.242442, 0.149841, 1.746159) (-0.058000, -0.982200, 0.178400) (0.839162, 0.904326) 
(-0.830228, 0.149841, 1.555176) (-0.058000, -0.982200, 0.178400) (0.733691, 0.877093) 
(-0.587786, -0.000000, 0.809017) (-0.794700, 0.491100, -0.356800) (0.245024, 0.489772) 
(-0.505311, 0.675579, 1.555171) (-0.794700, 0.491100, -0.356800) (0.125226, 0.650840) 
(-0.262869, 0.525738, 0.809012) (-0.794700, 0.491100, -0.356800) (0.113895, 0.489771) 
(-0.211480, 0.130706, -1.650869) (-0.303500, 0.187600, -0.934200) (0.297831, 0.944497) 
(-0.799266, 0.130706, -1.459886) (-0.303500, 0.187600, -0.934200) (0.392973, 0.864323) 
(-0.474349, 0.656443, -1.459881) (-0.303500, 0.187600, -0.934200) (0.392973, 0.994042) 
(-0.587786, 0.000000, -0.809017) (-0.058000, -0.982200, -0.178400) (0.542916, 0.716184) 
(-0.211480, 0.130706, -1.650869) (-0.058000, -0.982200, -0.178400) (0.430814, 0.881492) 
(0.000000, 0.000000, -1.000000) (-0.058000, -0.982200, -0.178400) (0.430814, 0.738288) 
(0.000000, 0.000000, -1.000000) (0.852600, 0.491100, -0.178400) (0.297831, 0.864323) 
(-0.474349, 0.656443, -1.459881) (0.852600, 0.491100, -0.178400) (0.430814, 0.716184) 
(-0.262869, 0.525738, -0.809012) (0.852600, 0.491100, -0.178400) (0.430814, 0.861589) 
(-1.037153, 0.031431, -0.309013) (-0.905000, 0.330400, -0.268000) (1.000000, 0.366911) 
(-0.936743, 0.557167, 0.000000) (-0.905000, 0.330400, -0.268000) (1.000000, 0.485866) 
(-0.809703, 0.478650, -0.525725) (-0.905000, 0.330400, -0.268000) (0.902707, 0.427146) 
(-1.037153, 0.031431, 0.309013) (-0.905000, 0.330400, 0.268000) (0.430814, 0.933665) 
(-0.809703, 0.478650, 0.525725) (-0.905000, 0.330400, 0.268000) (0.532658, 0.881492) 
(-0.936743, 0.557167, 0.000000) (-0.905000, 0.330400, 0.268000) (0.532658, 0.995132) 
(-0.951058, 0.000000, -0.309013) (-0.136800, -0.374800, -0.917000) (0.941419, 0.602625) 
(-0.809703, 0.478650, -0.525725) (-0.136800, -0.374800, -0.917000) (0.922024, 0.487563) 
(-0.723607, 0.447220, -0.525725) (-0.136800, -0.374800, -0.917000) (0.941419, 0.485866) 
(-0.850648, 0.525736, 0.000000) (-0.173100, -0.474300, 0.863200) (0.902707, 0.489174) 
(-1.037153, 0.031431, -0.309013) (-0.173100, -0.474300, 0.863200) (0.922023, 0.617008) 
(-0.951058, 0.000000, -0.309013) (-0.173100, -0.474300, 0.863200) (0.902707, 0.620315) 
(-0.850648, 0.525736, 0.000000) (0.342400, 0.937800, -0.057300) (0.557986, 0.828958) 
(-0.809703, 0.478650, -0.525725) (0.342400, 0.937800, -0.057300) (0.571187, 0.942217) 
(-0.936743, 0.557167, 0.000000) (0.342400, 0.937800, -0.057300) (0.542916, 0.827794) 
(-0.951058, -0.000000, 0.309013) (-0.136800, -0.374800, 0.917000) (0.920269, 0.251297) 
(-0.809703, 0.478650, 0.525725) (-0.136800, -0.374800, 0.917000) (0.939773, 0.135861) 
(-1.037153, 0.031431, 0.309013) (-0.136800, -0.374800, 0.917000) (0.939773, 0.253211) 
(-0.262869, 0.525738, -0.809012) (-0.794700, 0.491100, 0.356800) (0.113895, 0.140500) 
(-0.474349, 0.656443, -1.459881) (-0.794700, 0.491100, 0.356800) (0.123779, 0.000001) 
(-0.799266, 0.130706, -1.459886) (-0.794700, 0.491100, 0.356800) (0.254908, 0.000000) 
(-0.850648, 0.525736, 0.000000) (-0.173100, -0.474300, -0.863200) (0.939407, 0.003581) 
(-0.951058, -0.000000, 0.309013) (-0.173100, -0.474300, -0.863200) (0.939407, 0.133947) 
(-1.037153, 0.031431, 0.309013) (-0.173100, -0.474300, -0.863200) (0.920269, 0.130367) 
(-0.850648, 0.525736, 0.000000) (0.342400, 0.937800, 0.057300) (0.557986, 0.828958) 
(-0.936743, 0.557167, 0.000000) (0.342400, 0.937800, 0.057300) (0.542916, 0.827794) 
(-0.809703, 0.478650, 0.525725) (0.342400, 0.937800, 0.057300) (0.571187, 0.716184) 
(-0.262869, 0.525738, 0.809012) (0.852600, 0.491100, 0.178400) (0.600310, 0.886316) 
(-0.505311, 0.675579, 1.555171) (0.852600, 0.491100, 0.178400) (0.600310, 0.714536) 
(-0.242442, 0.149841, 1.746159) (0.852600, 0.491100, 0.178400) (0.733691, 0.714783) 
(-0.587786, -0.000000, 0.809017) (-0.058000, -0.982200, 0.178400) (0.733691, 0.714536) 
(0.000000, -0.000000, 1.000000) (-0.058000, -0.982200, 0.178400) (0.839162, 0.741769) 
(-0.242442, 0.149841, 1.746159) (-0.058000, -0.982200, 0.178400) (0.839162, 0.904326) 
(-0.587786, -0.000000, 0.809017) (-0.794700, 0.491100, -0.356800) (0.245024, 0.489772) 
(-0.830228, 0.149841, 1.555176) (-0.794700, 0.491100, -0.356800) (0.256355, 0.650841) 
(-0.505311, 0.675579, 1.555171) (-0.794700, 0.491100, -0.356800) (0.125226, 0.650840) 
(-0.587786, 0.000000, -0.809017) (-0.058000, -0.982200, -0.178400) (0.542916, 0.716184) 
(-0.799266, 0.130706, -1.459886) (-0.058000, -0.982200, -0.178400) (0.542916, 0.859389) 
(-0.211480, 0.130706, -1.650869) (-0.058000, -0.982200, -0.178400) (0.430814, 0.881492) 
(0.000000, 0.000000, -1.000000) (0.852600, 0.491100, -0.178400) (0.297831, 0.864323) 
(-0.211480, 0.130706, -1.650869) (0.852600, 0.491100, -0.178400) (0.297831, 0.718918) 
(-0.474349, 0.656443, -1.459881) (0.852600, 0.491100, -0.178400) (0.430814, 0.716184) 
(-0.951058, 0.000000, -0.309013) (-0.136800, -0.374800, -0.917000) (0.941419, 0.602625) 
(-1.037153, 0.031431, -0.309013) (-0.136800, -0.374800, -0.917000) (0.922024, 0.604321) 
(-0.809703, 0.478650, -0.525725) (-0.136800, -0.374800, -0.917000) (0.922024, 0.487563) 
(-0.850648, 0.525736, 0.000000) (-0.173100, -0.474300, 0.863200) (0.902707, 0.489174) 
(-0.936743, 0.557167, 0.000000) (-0.173100, -0.474300, 0.863200) (0.922023, 0.485866) 
(-1.037153, 0.031431, -0.309013) (-0.173100, -0.474300, 0.863200) (0.922023, 0.617008) 
(-0.850648, 0.525736, 0.000000) (0.342400, 0.937800, -0.057300) (0.557986, 0.828958) 
(-0.723607, 0.447220, -0.525725) (0.342400, 0.937800, -0.057300) (0.586257, 0.943380) 
(-0.809703, 0.478650, -0.525725) (0.342400, 0.937800, -0.057300) (0.571187, 0.942217) 
(-0.951058, -0.000000, 0.309013) (-0.136800, -0.374800, 0.917000) (0.920269, 0.251297) 
(-0.723607, 0.447220, 0.525725) (-0.136800, -0.374800, 0.917000) (0.920269, 0.133947) 
(-0.809703, 0.478650, 0.525725) (-0.136800, -0.374800, 0.917000) (0.939773, 0.135861) 
