216
(-0.076929, 2.169611, 1.525230) (-1.000000, 0.000000, 0.000000) (0.361255, 0.487342) 
(-0.076929, -0.076929, 1.192438) (-1.000000, 0.000000, 0.000000) (0.289066, 0.000000) 
(-0.076929, -0.076929, 1.525230) (-1.000000, 0.000000, 0.000000) (0.361255, 0.000002) 
(-0.076929, 2.169611, 1.192438) (0.000000, 0.000000, -1.000000) (0.539005, 0.974545) 
(0.076929, -0.076929, 1.192438) (0.000000, 0.000000, -1.000000) (0.505632, 0.487329) 
(-0.076929, -0.076929, 1.192438) (0.000000, 0.000000, -1.000000) (0.539005, 0.487340) 
(0.076929, 2.169611, 1.192438) (1.000000, 0.000000, 0.000000) (0.361255, 0.000002) 
(0.076929, -0.076929, 1.525230) (1.000000, 0.000000, 0.000000) (0.433443, 0.487340) 
(0.076929, -0.076929, 1.192438) (1.000000, 0.000000, 0.000000) (0.361255, 0.487342) 
(0.076929, 2.169611, 1.525230) (0.000000, 0.000000, 1.000000) (0.539005, 0.487340) 
(-0.076929, -0.076929, 1.525230) (0.000000, 0.000000, 1.000000) (0.572378, 0.974534) 
(0.076929, -0.076929, 1.525230) (0.000000, 0.000000, 1.000000) (0.539005, 0.974545) 
(0.076929, -0.076929, 1.192438) (0.000000, -1.000000, 0.000000) (0.322432, 0.631810) 
(-0.076929, -0.076929, 1.525230) (0.000000, -1.000000, 0.000000) (0.355808, 0.559618) 
(-0.076929, -0.076929, 1.192438) (0.000000, -1.000000, 0.000000) (0.355808, 0.631810) 
(-0.076929, 2.169611, 1.192438) (0.000000, 1.000000, 0.000000) (0.389185, 0.559618) 
(0.076929, 2.169611, 1.525230) (0.000000, 1.000000, 0.000000) (0.355808, 0.631810) 
(0.076929, 2.169611, 1.192438) (0.000000, 1.000000, 0.000000) (0.355808, 0.559618) 
(-0.067958, 2.161285, 0.672803) (-1.000000, 0.006700, 0.007100) (0.650002, 0.000007) 
(-0.085893, -0.067577, 0.237433) (-1.000000, 0.006700, 0.007100) (0.722183, 0.487334) 
(-0.083647, -0.082841, 0.569868) (-1.000000, 0.006700, 0.007100) (0.650002, 0.487341) 
(-0.085893, -0.067577, 0.237433) (-0.006700, 0.045900, -0.998900) (0.644558, 0.487341) 
(0.083647, 2.175523, 0.339282) (-0.006700, 0.045900, -0.998900) (0.611189, 0.974580) 
(0.067958, -0.068603, 0.236347) (-0.006700, 0.045900, -0.998900) (0.611189, 0.487357) 
(0.083647, 2.175523, 0.339282) (1.000000, -0.006700, -0.007100) (0.650002, 0.487341) 
(0.070203, -0.083866, 0.568781) (1.000000, -0.006700, -0.007100) (0.577820, 0.000000) 
(0.067958, -0.068603, 0.236347) (1.000000, -0.006700, -0.007100) (0.650002, 0.000007) 
(0.085893, 2.160259, 0.671716) (0.006700, -0.045900, 0.998900) (0.611189, 0.974580) 
(-0.083647, -0.082841, 0.569868) (0.006700, -0.045900, 0.998900) (0.577820, 0.487341) 
(0.070203, -0.083866, 0.568781) (0.006700, -0.045900, 0.998900) (0.611189, 0.487357) 
(0.067958, -0.068603, 0.236347) (-0.007000, -0.998900, -0.045800) (0.677924, 0.631617) 
(-0.083647, -0.082841, 0.569868) (-0.007000, -0.998900, -0.045800) (0.711300, 0.559482) 
(-0.085893, -0.067577, 0.237433) (-0.007000, -0.998900, -0.045800) (0.711300, 0.631611) 
(0.083647, 2.175523, 0.339282) (0.007000, 0.998900, 0.045800) (0.711300, 0.703753) 
(-0.067958, 2.161285, 0.672803) (0.007000, 0.998900, 0.045800) (0.677924, 0.631618) 
(0.085893, 2.160259, 0.671716) (0.007000, 0.998900, 0.045800) (0.711300, 0.631624) 
(-0.089670, -0.075847, -0.205580) (-0.999200, 0.005400, -0.039400) (0.794346, 0.487339) 
(-0.064066, 2.169362, -0.546280) (-0.999200, 0.005400, -0.039400) (0.866509, 0.000007) 
(-0.076554, -0.077129, -0.538111) (-0.999200, 0.005400, -0.039400) (0.866509, 0.487346) 
(-0.064066, 2.169362, -0.546280) (0.039400, -0.003900, -0.999200) (0.677924, 0.974500) 
(0.077181, -0.077961, -0.532045) (0.039400, -0.003900, -0.999200) (0.644558, 0.487364) 
(-0.076554, -0.077129, -0.538111) (0.039400, -0.003900, -0.999200) (0.677924, 0.487341) 
(0.089670, 2.168529, -0.540213) (0.999200, -0.005400, 0.039400) (0.722183, 0.000007) 
(0.064066, -0.076679, -0.199513) (0.999200, -0.005400, 0.039400) (0.794346, 0.487339) 
(0.077181, -0.077961, -0.532045) (0.999200, -0.005400, 0.039400) (0.722183, 0.487346) 
(0.076554, 2.169811, -0.207682) (-0.039400, 0.003900, 0.999200) (0.289066, 0.487342) 
(-0.089670, -0.075847, -0.205580) (-0.039400, 0.003900, 0.999200) (0.322432, 0.974524) 
(0.064066, -0.076679, -0.199513) (-0.039400, 0.003900, 0.999200) (0.289066, 0.974501) 
(0.077181, -0.077961, -0.532045) (-0.005600, -1.000000, 0.003600) (0.422568, 0.631801) 
(-0.089670, -0.075847, -0.205580) (-0.005600, -1.000000, 0.003600) (0.389192, 0.703991) 
(-0.076554, -0.077129, -0.538111) (-0.005600, -1.000000, 0.003600) (0.389192, 0.631800) 
(0.089670, 2.168529, -0.540213) (0.005600, 1.000000, -0.003600) (0.322432, 0.631811) 
(-0.077181, 2.170644, -0.213748) (0.005600, 1.000000, -0.003600) (0.355808, 0.704000) 
(0.076554, 2.169811, -0.207682) (0.005600, 1.000000, -0.003600) (0.322432, 0.704001) 
(-0.068627, 2.161552, -1.095935) (-0.999700, 0.011500, -0.021000) (0.505632, 0.000000) 
(-0.085187, -0.067094, -1.532457) (-0.999700, 0.011500, -0.021000) (0.577820, 0.487329) 
(-0.092345, -0.082446, -1.200096) (-0.999700, 0.011500, -0.021000) (0.505632, 0.487322) 
(-0.061468, 2.176904, -1.428296) (0.021500, 0.046100, -0.998700) (0.466819, 0.974552) 
(0.068627, -0.068870, -1.529226) (0.021500, 0.046100, -0.998700) (0.433443, 0.487329) 
(-0.085187, -0.067094, -1.532457) (0.021500, 0.046100, -0.998700) (0.466819, 0.487334) 
(0.068627, -0.068870, -1.529226) (0.999700, -0.011500, 0.021000) (0.505632, 0.000000) 
(0.085187, 2.159776, -1.092704) (0.999700, -0.011500, 0.021000) (0.433443, 0.487329) 
(0.061468, -0.084222, -1.196865) (0.999700, -0.011500, 0.021000) (0.433443, 0.000007) 
(0.085187, 2.159776, -1.092704) (-0.021500, -0.046100, 0.998700) (0.466819, 0.487334) 
(-0.092345, -0.082446, -1.200096) (-0.021500, -0.046100, 0.998700) (0.500194, 0.974546) 
(0.061468, -0.084222, -1.196865) (-0.021500, -0.046100, 0.998700) (0.466819, 0.974552) 
(-0.085187, -0.067094, -1.532457) (-0.010600, -0.998900, -0.046400) (0.389183, 0.703937) 
(0.061468, -0.084222, -1.196865) (-0.010600, -0.998900, -0.046400) (0.355808, 0.631823) 
(-0.092345, -0.082446, -1.200096) (-0.010600, -0.998900, -0.046400) (0.389183, 0.631810) 
(0.092345, 2.175128, -1.425065) (0.010600, 0.998900, 0.046400) (0.711298, 0.559482) 
(-0.068627, 2.161552, -1.095935) (0.010600, 0.998900, 0.046400) (0.677924, 0.487341) 
(0.085187, 2.159776, -1.092704) (0.010600, 0.998900, 0.046400) (0.711298, 0.487355) 
(0.047162, 1.829540, -1.748260) (-0.999800, -0.020800, -0.007400) (0.216808, 0.004349) 
(0.030602, 1.357912, 1.802364) (-0.999800, -0.020800, -0.007400) (0.289066, 0.777976) 
(0.023444, 1.689990, 1.835278) (-0.999800, -0.020800, -0.007400) (0.216808, 0.782324) 
(0.030602, 1.357912, 1.802364) (0.021500, -0.999000, -0.038800) (0.899878, 0.777500) 
(0.208134, 1.500665, -1.778254) (0.021500, -0.999000, -0.038800) (0.933246, 0.000412) 
(0.184416, 1.361115, 1.805283) (0.021500, -0.999000, -0.038800) (0.933246, 0.777912) 
(0.184416, 1.361115, 1.805283) (0.999800, 0.020800, 0.007400) (0.144550, 0.777975) 
(0.200976, 1.832742, -1.745340) (0.999800, 0.020800, 0.007400) (0.216808, 0.004349) 
(0.177257, 1.693192, 1.838198) (0.999800, 0.020800, 0.007400) (0.216808, 0.782324) 
(0.200976, 1.832742, -1.745340) (-0.021500, 0.999000, 0.038800) (0.899878, 0.777500) 
(0.023444, 1.689990, 1.835278) (-0.021500, 0.999000, 0.038800) (0.866509, 0.000412) 
(0.177257, 1.693192, 1.838198) (-0.021500, 0.999000, 0.038800) (0.899878, 0.000000) 
(0.184416, 1.361115, 1.805283) (-0.016800, -0.099000, 0.994900) (0.422572, 0.559599) 
(0.023444, 1.689990, 1.835278) (-0.016800, -0.099000, 0.994900) (0.389192, 0.631772) 
(0.030602, 1.357912, 1.802364) (-0.016800, -0.099000, 0.994900) (0.389192, 0.559571) 
(0.208134, 1.500665, -1.778254) (0.016800, 0.099000, -0.994900) (0.422572, 0.559543) 
(0.047162, 1.829540, -1.748260) (0.016800, 0.099000, -0.994900) (0.389192, 0.487370) 
(0.200976, 1.832742, -1.745340) (0.016800, 0.099000, -0.994900) (0.422572, 0.487342) 
(0.045244, 0.616881, -1.763433) (-0.999900, 0.010000, -0.003700) (0.072275, 0.777958) 
(0.032482, 0.659985, 1.818132) (-0.999900, 0.010000, -0.003700) (0.000000, 0.004338) 
(0.035859, 0.993410, 1.803066) (-0.999900, 0.010000, -0.003700) (0.072275, 0.000000) 
(0.032482, 0.659985, 1.818132) (-0.009800, -0.994400, 0.105000) (1.000000, 0.000411) 
(0.195719, 0.282179, -1.746042) (-0.009800, -0.994400, 0.105000) (0.966623, 0.773373) 
(0.186334, 0.658708, 1.820457) (-0.009800, -0.994400, 0.105000) (0.966623, 0.000000) 
(0.186334, 0.658708, 1.820457) (0.999900, -0.010000, 0.003700) (0.072275, 0.777958) 
(0.199095, 0.615603, -1.761108) (0.999900, -0.010000, 0.003700) (0.144550, 0.004338) 
(0.189711, 0.992132, 1.805391) (0.999900, -0.010000, 0.003700) (0.144550, 0.782296) 
(0.199095, 0.615603, -1.761108) (0.009800, 0.994400, -0.105000) (0.966623, 0.773373) 
(0.035859, 0.993410, 1.803066) (0.009800, 0.994400, -0.105000) (0.933246, 0.000411) 
(0.189711, 0.992132, 1.805391) (0.009800, 0.994400, -0.105000) (0.966623, 0.000000) 
(0.186334, 0.658708, 1.820457) (-0.014700, 0.045300, 0.998900) (0.355812, 0.559577) 
(0.035859, 0.993410, 1.803066) (-0.014700, 0.045300, 0.998900) (0.389192, 0.487382) 
(0.032482, 0.659985, 1.818132) (-0.014700, 0.045300, 0.998900) (0.389192, 0.559617) 
(0.195719, 0.282179, -1.746042) (0.014700, -0.045300, -0.998900) (0.322432, 0.487382) 
(0.045244, 0.616881, -1.763433) (0.014700, -0.045300, -0.998900) (0.355812, 0.559577) 
(0.199095, 0.615603, -1.761108) (0.014700, -0.045300, -0.998900) (0.322432, 0.559618) 
(-0.076929, 2.169611, 1.525230) (-1.000000, 0.000000, 0.000000) (0.361255, 0.487342) 
(-0.076929, 2.169611, 1.192438) (-1.000000, 0.000000, 0.000000) (0.289066, 0.487340) 
(-0.076929, -0.076929, 1.192438) (-1.000000, 0.000000, 0.000000) (0.289066, 0.000000) 
(-0.076929, 2.169611, 1.192438) (0.000000, 0.000000, -1.000000) (0.539005, 0.974545) 
(0.076929, 2.169611, 1.192438) (0.000000, 0.000000, -1.000000) (0.505632, 0.974534) 
(0.076929, -0.076929, 1.192438) (0.000000, 0.000000, -1.000000) (0.505632, 0.487329) 
(0.076929, 2.169611, 1.192438) (1.000000, 0.000000, 0.000000) (0.361255, 0.000002) 
(0.076929, 2.169611, 1.525230) (1.000000, 0.000000, 0.000000) (0.433443, 0.000000) 
(0.076929, -0.076929, 1.525230) (1.000000, 0.000000, 0.000000) (0.433443, 0.487340) 
(0.076929, 2.169611, 1.525230) (0.000000, 0.000000, 1.000000) (0.539005, 0.487340) 
(-0.076929, 2.169611, 1.525230) (0.000000, 0.000000, 1.000000) (0.572378, 0.487329) 
(-0.076929, -0.076929, 1.525230) (0.000000, 0.000000, 1.000000) (0.572378, 0.974534) 
(0.076929, -0.076929, 1.192438) (0.000000, -1.000000, 0.000000) (0.322432, 0.631810) 
(0.076929, -0.076929, 1.525230) (0.000000, -1.000000, 0.000000) (0.322432, 0.559618) 
(-0.076929, -0.076929, 1.525230) (0.000000, -1.000000, 0.000000) (0.355808, 0.559618) 
(-0.076929, 2.169611, 1.192438) (0.000000, 1.000000, 0.000000) (0.389185, 0.559618) 
(-0.076929, 2.169611, 1.525230) (0.000000, 1.000000, 0.000000) (0.389185, 0.631810) 
(0.076929, 2.169611, 1.525230) (0.000000, 1.000000, 0.000000) (0.355808, 0.631810) 
(-0.067958, 2.161285, 0.672803) (-1.000000, 0.006700, 0.007100) (0.650002, 0.000007) 
(-0.070203, 2.176549, 0.340368) (-1.000000, 0.006700, 0.007100) (0.722183, 0.000000) 
(-0.085893, -0.067577, 0.237433) (-1.000000, 0.006700, 0.007100) (0.722183, 0.487334) 
(-0.085893, -0.067577, 0.237433) (-0.006700, 0.045900, -0.998900) (0.644558, 0.487341) 
(-0.070203, 2.176549, 0.340368) (-0.006700, 0.045900, -0.998900) (0.644558, 0.974564) 
(0.083647, 2.175523, 0.339282) (-0.006700, 0.045900, -0.998900) (0.611189, 0.974580) 
(0.083647, 2.175523, 0.339282) (1.000000, -0.006700, -0.007100) (0.650002, 0.487341) 
(0.085893, 2.160259, 0.671716) (1.000000, -0.006700, -0.007100) (0.577820, 0.487334) 
(0.070203, -0.083866, 0.568781) (1.000000, -0.006700, -0.007100) (0.577820, 0.000000) 
(0.085893, 2.160259, 0.671716) (0.006700, -0.045900, 0.998900) (0.611189, 0.974580) 
(-0.067958, 2.161285, 0.672803) (0.006700, -0.045900, 0.998900) (0.577820, 0.974564) 
(-0.083647, -0.082841, 0.569868) (0.006700, -0.045900, 0.998900) (0.577820, 0.487341) 
(0.067958, -0.068603, 0.236347) (-0.007000, -0.998900, -0.045800) (0.677924, 0.631617) 
(0.070203, -0.083866, 0.568781) (-0.007000, -0.998900, -0.045800) (0.677924, 0.559489) 
(-0.083647, -0.082841, 0.569868) (-0.007000, -0.998900, -0.045800) (0.711300, 0.559482) 
(0.083647, 2.175523, 0.339282) (0.007000, 0.998900, 0.045800) (0.711300, 0.703753) 
(-0.070203, 2.176549, 0.340368) (0.007000, 0.998900, 0.045800) (0.677924, 0.703746) 
(-0.067958, 2.161285, 0.672803) (0.007000, 0.998900, 0.045800) (0.677924, 0.631618) 
(-0.089670, -0.075847, -0.205580) (-0.999200, 0.005400, -0.039400) (0.794346, 0.487339) 
(-0.077181, 2.170644, -0.213748) (-0.999200, 0.005400, -0.039400) (0.794346, 0.000000) 
(-0.064066, 2.169362, -0.546280) (-0.999200, 0.005400, -0.039400) (0.866509, 0.000007) 
(-0.064066, 2.169362, -0.546280) (0.039400, -0.003900, -0.999200) (0.677924, 0.974500) 
(0.089670, 2.168529, -0.540213) (0.039400, -0.003900, -0.999200) (0.644558, 0.974523) 
(0.077181, -0.077961, -0.532045) (0.039400, -0.003900, -0.999200) (0.644558, 0.487364) 
(0.089670, 2.168529, -0.540213) (0.999200, -0.005400, 0.039400) (0.722183, 0.000007) 
(0.076554, 2.169811, -0.207682) (0.999200, -0.005400, 0.039400) (0.794346, 0.000000) 
(0.064066, -0.076679, -0.199513) (0.999200, -0.005400, 0.039400) (0.794346, 0.487339) 
(0.076554, 2.169811, -0.207682) (-0.039400, 0.003900, 0.999200) (0.289066, 0.487342) 
(-0.077181, 2.170644, -0.213748) (-0.039400, 0.003900, 0.999200) (0.322432, 0.487365) 
(-0.089670, -0.075847, -0.205580) (-0.039400, 0.003900, 0.999200) (0.322432, 0.974524) 
(0.077181, -0.077961, -0.532045) (-0.005600, -1.000000, 0.003600) (0.422568, 0.631801) 
(0.064066, -0.076679, -0.199513) (-0.005600, -1.000000, 0.003600) (0.422568, 0.703991) 
(-0.089670, -0.075847, -0.205580) (-0.005600, -1.000000, 0.003600) (0.389192, 0.703991) 
(0.089670, 2.168529, -0.540213) (0.005600, 1.000000, -0.003600) (0.322432, 0.631811) 
(-0.064066, 2.169362, -0.546280) (0.005600, 1.000000, -0.003600) (0.355808, 0.631810) 
(-0.077181, 2.170644, -0.213748) (0.005600, 1.000000, -0.003600) (0.355808, 0.704000) 
(-0.068627, 2.161552, -1.095935) (-0.999700, 0.011500, -0.021000) (0.505632, 0.000000) 
(-0.061468, 2.176904, -1.428296) (-0.999700, 0.011500, -0.021000) (0.577820, 0.000007) 
(-0.085187, -0.067094, -1.532457) (-0.999700, 0.011500, -0.021000) (0.577820, 0.487329) 
(-0.061468, 2.176904, -1.428296) (0.021500, 0.046100, -0.998700) (0.466819, 0.974552) 
(0.092345, 2.175128, -1.425065) (0.021500, 0.046100, -0.998700) (0.433443, 0.974546) 
(0.068627, -0.068870, -1.529226) (0.021500, 0.046100, -0.998700) (0.433443, 0.487329) 
(0.068627, -0.068870, -1.529226) (0.999700, -0.011500, 0.021000) (0.505632, 0.000000) 
(0.092345, 2.175128, -1.425065) (0.999700, -0.011500, 0.021000) (0.505632, 0.487322) 
(0.085187, 2.159776, -1.092704) (0.999700, -0.011500, 0.021000) (0.433443, 0.487329) 
(0.085187, 2.159776, -1.092704) (-0.021500, -0.046100, 0.998700) (0.466819, 0.487334) 
(-0.068627, 2.161552, -1.095935) (-0.021500, -0.046100, 0.998700) (0.500194, 0.487329) 
(-0.092345, -0.082446, -1.200096) (-0.021500, -0.046100, 0.998700) (0.500194, 0.974546) 
(-0.085187, -0.067094, -1.532457) (-0.010600, -0.998900, -0.046400) (0.389183, 0.703937) 
(0.068627, -0.068870, -1.529226) (-0.010600, -0.998900, -0.046400) (0.355808, 0.703951) 
(0.061468, -0.084222, -1.196865) (-0.010600, -0.998900, -0.046400) (0.355808, 0.631823) 
(0.092345, 2.175128, -1.425065) (0.010600, 0.998900, 0.046400) (0.711298, 0.559482) 
(-0.061468, 2.176904, -1.428296) (0.010600, 0.998900, 0.046400) (0.677924, 0.559469) 
(-0.068627, 2.161552, -1.095935) (0.010600, 0.998900, 0.046400) (0.677924, 0.487341) 
(0.047162, 1.829540, -1.748260) (-0.999800, -0.020800, -0.007400) (0.216808, 0.004349) 
(0.054321, 1.497462, -1.781174) (-0.999800, -0.020800, -0.007400) (0.289066, 0.000000) 
(0.030602, 1.357912, 1.802364) (-0.999800, -0.020800, -0.007400) (0.289066, 0.777976) 
(0.030602, 1.357912, 1.802364) (0.021500, -0.999000, -0.038800) (0.899878, 0.777500) 
(0.054321, 1.497462, -1.781174) (0.021500, -0.999000, -0.038800) (0.899878, 0.000000) 
(0.208134, 1.500665, -1.778254) (0.021500, -0.999000, -0.038800) (0.933246, 0.000412) 
(0.184416, 1.361115, 1.805283) (0.999800, 0.020800, 0.007400) (0.144550, 0.777975) 
(0.208134, 1.500665, -1.778254) (0.999800, 0.020800, 0.007400) (0.144550, 0.000000) 
(0.200976, 1.832742, -1.745340) (0.999800, 0.020800, 0.007400) (0.216808, 0.004349) 
(0.200976, 1.832742, -1.745340) (-0.021500, 0.999000, 0.038800) (0.899878, 0.777500) 
(0.047162, 1.829540, -1.748260) (-0.021500, 0.999000, 0.038800) (0.866509, 0.777912) 
(0.023444, 1.689990, 1.835278) (-0.021500, 0.999000, 0.038800) (0.866509, 0.000412) 
(0.184416, 1.361115, 1.805283) (-0.016800, -0.099000, 0.994900) (0.422572, 0.559599) 
(0.177257, 1.693192, 1.838198) (-0.016800, -0.099000, 0.994900) (0.422572, 0.631800) 
(0.023444, 1.689990, 1.835278) (-0.016800, -0.099000, 0.994900) (0.389192, 0.631772) 
(0.208134, 1.500665, -1.778254) (0.016800, 0.099000, -0.994900) (0.422572, 0.559543) 
(0.054321, 1.497462, -1.781174) (0.016800, 0.099000, -0.994900) (0.389192, 0.559571) 
(0.047162, 1.829540, -1.748260) (0.016800, 0.099000, -0.994900) (0.389192, 0.487370) 
(0.045244, 0.616881, -1.763433) (-0.999900, 0.010000, -0.003700) (0.072275, 0.777958) 
(0.041867, 0.283457, -1.748368) (-0.999900, 0.010000, -0.003700) (0.000000, 0.782296) 
(0.032482, 0.659985, 1.818132) (-0.999900, 0.010000, -0.003700) (0.000000, 0.004338) 
(0.032482, 0.659985, 1.818132) (-0.009800, -0.994400, 0.105000) (1.000000, 0.000411) 
(0.041867, 0.283457, -1.748368) (-0.009800, -0.994400, 0.105000) (1.000000, 0.773784) 
(0.195719, 0.282179, -1.746042) (-0.009800, -0.994400, 0.105000) (0.966623, 0.773373) 
(0.186334, 0.658708, 1.820457) (0.999900, -0.010000, 0.003700) (0.072275, 0.777958) 
(0.195719, 0.282179, -1.746042) (0.999900, -0.010000, 0.003700) (0.072275, 0.000000) 
(0.199095, 0.615603, -1.761108) (0.999900, -0.010000, 0.003700) (0.144550, 0.004338) 
(0.199095, 0.615603, -1.761108) (0.009800, 0.994400, -0.105000) (0.966623, 0.773373) 
(0.045244, 0.616881, -1.763433) (0.009800, 0.994400, -0.105000) (0.933246, 0.773784) 
(0.035859, 0.993410, 1.803066) (0.009800, 0.994400, -0.105000) (0.933246, 0.000411) 
(0.186334, 0.658708, 1.820457) (-0.014700, 0.045300, 0.998900) (0.355812, 0.559577) 
(0.189711, 0.992132, 1.805391) (-0.014700, 0.045300, 0.998900) (0.355812, 0.487342) 
(0.035859, 0.993410, 1.803066) (-0.014700, 0.045300, 0.998900) (0.389192, 0.487382) 
(0.195719, 0.282179, -1.746042) (0.014700, -0.045300, -0.998900) (0.322432, 0.487382) 
(0.041867, 0.283457, -1.748368) (0.014700, -0.045300, -0.998900) (0.355812, 0.487342) 
(0.045244, 0.616881, -1.763433) (0.014700, -0.045300, -0.998900) (0.355812, 0.559577) 
