240
(0.000000, -1.000000, 0.000000) (0.102400, -0.943500, 0.315100) (0.181819, 0.000000) 
(0.425323, -0.850654, 0.309011) (0.102400, -0.943500, 0.315100) (0.227273, 0.078731) 
(-0.162456, -0.850654, 0.499995) (0.102400, -0.943500, 0.315100) (0.136365, 0.078731) 
(0.723607, -0.447220, 0.525725) (0.700200, -0.661700, 0.268000) (0.272728, 0.157461) 
(0.425323, -0.850654, 0.309011) (0.700200, -0.661700, 0.268000) (0.318182, 0.078731) 
(0.850648, -0.525736, 0.000000) (0.700200, -0.661700, 0.268000) (0.363637, 0.157461) 
(0.000000, -1.000000, 0.000000) (-0.268000, -0.943500, 0.194700) (0.909091, 0.000000) 
(-0.162456, -0.850654, 0.499995) (-0.268000, -0.943500, 0.194700) (0.954545, 0.078731) 
(-0.525730, -0.850652, 0.000000) (-0.268000, -0.943500, 0.194700) (0.863636, 0.078731) 
(0.000000, -1.000000, 0.000000) (-0.268000, -0.943500, -0.194700) (0.727273, 0.000000) 
(-0.525730, -0.850652, 0.000000) (-0.268000, -0.943500, -0.194700) (0.772727, 0.078731) 
(-0.162456, -0.850654, -0.499995) (-0.268000, -0.943500, -0.194700) (0.681818, 0.078731) 
(0.000000, -1.000000, 0.000000) (0.102400, -0.943500, -0.315100) (0.545455, 0.000000) 
(-0.162456, -0.850654, -0.499995) (0.102400, -0.943500, -0.315100) (0.590909, 0.078731) 
(0.425323, -0.850654, -0.309011) (0.102400, -0.943500, -0.315100) (0.500000, 0.078731) 
(0.723607, -0.447220, 0.525725) (0.905000, -0.330400, 0.268000) (0.272728, 0.157461) 
(0.850648, -0.525736, 0.000000) (0.905000, -0.330400, 0.268000) (0.363637, 0.157461) 
(0.951058, 0.000000, 0.309013) (0.905000, -0.330400, 0.268000) (0.318182, 0.236191) 
(-0.276388, -0.447220, 0.850649) (0.024700, -0.330400, 0.943500) (0.090910, 0.157461) 
(0.262869, -0.525738, 0.809012) (0.024700, -0.330400, 0.943500) (0.181819, 0.157461) 
(0.000000, 0.000000, 1.000000) (0.024700, -0.330400, 0.943500) (0.136365, 0.236191) 
(-0.894426, -0.447216, 0.000000) (-0.889700, -0.330400, 0.315100) (0.818182, 0.157461) 
(-0.688189, -0.525736, 0.499997) (-0.889700, -0.330400, 0.315100) (0.909091, 0.157461) 
(-0.951058, 0.000000, 0.309013) (-0.889700, -0.330400, 0.315100) (0.863636, 0.236191) 
(-0.276388, -0.447220, -0.850649) (-0.574600, -0.330400, -0.748800) (0.636364, 0.157461) 
(-0.688189, -0.525736, -0.499997) (-0.574600, -0.330400, -0.748800) (0.727273, 0.157461) 
(-0.587786, 0.000000, -0.809017) (-0.574600, -0.330400, -0.748800) (0.681818, 0.236191) 
(0.723607, -0.447220, -0.525725) (0.534600, -0.330400, -0.777900) (0.454546, 0.157461) 
(0.262869, -0.525738, -0.809012) (0.534600, -0.330400, -0.777900) (0.545455, 0.157461) 
(0.587786, 0.000000, -0.809017) (0.534600, -0.330400, -0.777900) (0.500000, 0.236191) 
(0.723607, -0.447220, 0.525725) (0.802600, -0.125600, 0.583100) (0.272728, 0.157461) 
(0.951058, 0.000000, 0.309013) (0.802600, -0.125600, 0.583100) (0.318182, 0.236191) 
(0.587786, 0.000000, 0.809017) (0.802600, -0.125600, 0.583100) (0.227273, 0.236191) 
(-0.276388, -0.447220, 0.850649) (-0.306600, -0.125600, 0.943500) (0.090910, 0.157461) 
(0.000000, 0.000000, 1.000000) (-0.306600, -0.125600, 0.943500) (0.136365, 0.236191) 
(-0.587786, 0.000000, 0.809017) (-0.306600, -0.125600, 0.943500) (0.045455, 0.236191) 
(-0.894426, -0.447216, 0.000000) (-0.992100, -0.125600, 0.000000) (0.818182, 0.157461) 
(-0.951058, 0.000000, 0.309013) (-0.992100, -0.125600, 0.000000) (0.863636, 0.236191) 
(-0.951058, 0.000000, -0.309013) (-0.992100, -0.125600, 0.000000) (0.772727, 0.236191) 
(-0.276388, -0.447220, -0.850649) (-0.306600, -0.125600, -0.943500) (0.636364, 0.157461) 
(-0.587786, 0.000000, -0.809017) (-0.306600, -0.125600, -0.943500) (0.681818, 0.236191) 
(0.000000, 0.000000, -1.000000) (-0.306600, -0.125600, -0.943500) (0.590909, 0.236191) 
(0.723607, -0.447220, -0.525725) (0.802600, -0.125600, -0.583100) (0.454546, 0.157461) 
(0.587786, 0.000000, -0.809017) (0.802600, -0.125600, -0.583100) (0.500000, 0.236191) 
(0.951058, 0.000000, -0.309013) (0.802600, -0.125600, -0.583100) (0.409092, 0.236191) 
(0.276388, 0.447220, 0.850649) (0.408900, 0.661700, 0.628400) (0.181819, 0.314921) 
(0.688189, 0.525736, 0.499997) (0.408900, 0.661700, 0.628400) (0.272728, 0.314921) 
(0.162456, 0.850654, 0.499995) (0.408900, 0.661700, 0.628400) (0.227273, 0.393651) 
(-0.723607, 0.447220, 0.525725) (-0.471300, 0.661700, 0.583100) (0.000000, 0.314921) 
(-0.262869, 0.525738, 0.809012) (-0.471300, 0.661700, 0.583100) (0.090910, 0.314921) 
(-0.425323, 0.850654, 0.309011) (-0.471300, 0.661700, 0.583100) (0.045455, 0.393651) 
(-0.723607, 0.447220, -0.525725) (-0.700200, 0.661700, -0.268000) (0.727273, 0.314921) 
(-0.850648, 0.525736, 0.000000) (-0.700200, 0.661700, -0.268000) (0.818182, 0.314921) 
(-0.425323, 0.850654, -0.309011) (-0.700200, 0.661700, -0.268000) (0.772727, 0.393651) 
(0.276388, 0.447220, -0.850649) (0.038500, 0.661700, -0.748800) (0.545455, 0.314921) 
(-0.262869, 0.525738, -0.809012) (0.038500, 0.661700, -0.748800) (0.636364, 0.314921) 
(0.162456, 0.850654, -0.499995) (0.038500, 0.661700, -0.748800) (0.590909, 0.393651) 
(0.894426, 0.447216, 0.000000) (0.724000, 0.661700, -0.194700) (0.363637, 0.314921) 
(0.688189, 0.525736, -0.499997) (0.724000, 0.661700, -0.194700) (0.454546, 0.314921) 
(0.525730, 0.850652, 0.000000) (0.724000, 0.661700, -0.194700) (0.409092, 0.393651) 
(0.525730, 0.850652, 0.000000) (0.268000, 0.943500, -0.194700) (0.409092, 0.393651) 
(0.162456, 0.850654, -0.499995) (0.268000, 0.943500, -0.194700) (0.500000, 0.393651) 
(0.000000, 1.000000, 0.000000) (0.268000, 0.943500, -0.194700) (0.454546, 0.472382) 
(0.525730, 0.850652, 0.000000) (0.491100, 0.794700, -0.356800) (0.409092, 0.393651) 
(0.688189, 0.525736, -0.499997) (0.491100, 0.794700, -0.356800) (0.454546, 0.314921) 
(0.162456, 0.850654, -0.499995) (0.491100, 0.794700, -0.356800) (0.500000, 0.393651) 
(0.688189, 0.525736, -0.499997) (0.408900, 0.661700, -0.628400) (0.454546, 0.314921) 
(0.276388, 0.447220, -0.850649) (0.408900, 0.661700, -0.628400) (0.545455, 0.314921) 
(0.162456, 0.850654, -0.499995) (0.408900, 0.661700, -0.628400) (0.500000, 0.393651) 
(0.162456, 0.850654, -0.499995) (-0.102400, 0.943500, -0.315100) (0.590909, 0.393651) 
(-0.425323, 0.850654, -0.309011) (-0.102400, 0.943500, -0.315100) (0.681818, 0.393651) 
(0.000000, 1.000000, 0.000000) (-0.102400, 0.943500, -0.315100) (0.636364, 0.472382) 
(0.162456, 0.850654, -0.499995) (-0.187600, 0.794700, -0.577300) (0.590909, 0.393651) 
(-0.262869, 0.525738, -0.809012) (-0.187600, 0.794700, -0.577300) (0.636364, 0.314921) 
(-0.425323, 0.850654, -0.309011) (-0.187600, 0.794700, -0.577300) (0.681818, 0.393651) 
(-0.262869, 0.525738, -0.809012) (-0.471300, 0.661700, -0.583100) (0.636364, 0.314921) 
(-0.723607, 0.447220, -0.525725) (-0.471300, 0.661700, -0.583100) (0.727273, 0.314921) 
(-0.425323, 0.850654, -0.309011) (-0.471300, 0.661700, -0.583100) (0.681818, 0.393651) 
(-0.425323, 0.850654, -0.309011) (-0.331300, 0.943500, 0.000000) (0.772727, 0.393651) 
(-0.425323, 0.850654, 0.309011) (-0.331300, 0.943500, 0.000000) (0.863636, 0.393651) 
(0.000000, 1.000000, 0.000000) (-0.331300, 0.943500, 0.000000) (0.818182, 0.472382) 
(-0.425323, 0.850654, -0.309011) (-0.607100, 0.794700, 0.000000) (0.772727, 0.393651) 
(-0.850648, 0.525736, 0.000000) (-0.607100, 0.794700, 0.000000) (0.818182, 0.314921) 
(-0.425323, 0.850654, 0.309011) (-0.607100, 0.794700, 0.000000) (0.863636, 0.393651) 
(-0.850648, 0.525736, 0.000000) (-0.700200, 0.661700, 0.268000) (0.818182, 0.314921) 
(-0.723607, 0.447220, 0.525725) (-0.700200, 0.661700, 0.268000) (0.909091, 0.314921) 
(-0.425323, 0.850654, 0.309011) (-0.700200, 0.661700, 0.268000) (0.863636, 0.393651) 
(-0.425323, 0.850654, 0.309011) (-0.102400, 0.943500, 0.315100) (0.045455, 0.393651) 
(0.162456, 0.850654, 0.499995) (-0.102400, 0.943500, 0.315100) (0.136365, 0.393651) 
(0.000000, 1.000000, 0.000000) (-0.102400, 0.943500, 0.315100) (0.090910, 0.472382) 
(-0.425323, 0.850654, 0.309011) (-0.187600, 0.794700, 0.577300) (0.045455, 0.393651) 
(-0.262869, 0.525738, 0.809012) (-0.187600, 0.794700, 0.577300) (0.090910, 0.314921) 
(0.162456, 0.850654, 0.499995) (-0.187600, 0.794700, 0.577300) (0.136365, 0.393651) 
(-0.262869, 0.525738, 0.809012) (0.038500, 0.661700, 0.748800) (0.090910, 0.314921) 
(0.276388, 0.447220, 0.850649) (0.038500, 0.661700, 0.748800) (0.181819, 0.314921) 
(0.162456, 0.850654, 0.499995) (0.038500, 0.661700, 0.748800) (0.136365, 0.393651) 
(0.162456, 0.850654, 0.499995) (0.268000, 0.943500, 0.194700) (0.227273, 0.393651) 
(0.525730, 0.850652, 0.000000) (0.268000, 0.943500, 0.194700) (0.318182, 0.393651) 
(0.000000, 1.000000, 0.000000) (0.268000, 0.943500, 0.194700) (0.272728, 0.472382) 
(0.162456, 0.850654, 0.499995) (0.491100, 0.794700, 0.356800) (0.227273, 0.393651) 
(0.688189, 0.525736, 0.499997) (0.491100, 0.794700, 0.356800) (0.272728, 0.314921) 
(0.525730, 0.850652, 0.000000) (0.491100, 0.794700, 0.356800) (0.318182, 0.393651) 
(0.688189, 0.525736, 0.499997) (0.724000, 0.661700, 0.194700) (0.272728, 0.314921) 
(0.894426, 0.447216, 0.000000) (0.724000, 0.661700, 0.194700) (0.363637, 0.314921) 
(0.525730, 0.850652, 0.000000) (0.724000, 0.661700, 0.194700) (0.318182, 0.393651) 
(0.951058, 0.000000, -0.309013) (0.889700, 0.330400, -0.315100) (0.409092, 0.236191) 
(0.688189, 0.525736, -0.499997) (0.889700, 0.330400, -0.315100) (0.454546, 0.314921) 
(0.894426, 0.447216, 0.000000) (0.889700, 0.330400, -0.315100) (0.363637, 0.314921) 
(0.951058, 0.000000, -0.309013) (0.794700, 0.187600, -0.577300) (0.409092, 0.236191) 
(0.587786, 0.000000, -0.809017) (0.794700, 0.187600, -0.577300) (0.500000, 0.236191) 
(0.688189, 0.525736, -0.499997) (0.794700, 0.187600, -0.577300) (0.454546, 0.314921) 
(0.587786, 0.000000, -0.809017) (0.574600, 0.330400, -0.748800) (0.500000, 0.236191) 
(0.276388, 0.447220, -0.850649) (0.574600, 0.330400, -0.748800) (0.545455, 0.314921) 
(0.688189, 0.525736, -0.499997) (0.574600, 0.330400, -0.748800) (0.454546, 0.314921) 
(0.000000, 0.000000, -1.000000) (-0.024700, 0.330400, -0.943500) (0.590909, 0.236191) 
(-0.262869, 0.525738, -0.809012) (-0.024700, 0.330400, -0.943500) (0.636364, 0.314921) 
(0.276388, 0.447220, -0.850649) (-0.024700, 0.330400, -0.943500) (0.545455, 0.314921) 
(0.000000, 0.000000, -1.000000) (-0.303500, 0.187600, -0.934200) (0.590909, 0.236191) 
(-0.587786, 0.000000, -0.809017) (-0.303500, 0.187600, -0.934200) (0.681818, 0.236191) 
(-0.262869, 0.525738, -0.809012) (-0.303500, 0.187600, -0.934200) (0.636364, 0.314921) 
(-0.587786, 0.000000, -0.809017) (-0.534600, 0.330400, -0.777900) (0.681818, 0.236191) 
(-0.723607, 0.447220, -0.525725) (-0.534600, 0.330400, -0.777900) (0.727273, 0.314921) 
(-0.262869, 0.525738, -0.809012) (-0.534600, 0.330400, -0.777900) (0.636364, 0.314921) 
(-0.951058, 0.000000, -0.309013) (-0.905000, 0.330400, -0.268000) (0.772727, 0.236191) 
(-0.850648, 0.525736, 0.000000) (-0.905000, 0.330400, -0.268000) (0.818182, 0.314921) 
(-0.723607, 0.447220, -0.525725) (-0.905000, 0.330400, -0.268000) (0.727273, 0.314921) 
(-0.951058, 0.000000, -0.309013) (-0.982200, 0.187600, 0.000000) (0.772727, 0.236191) 
(-0.951058, 0.000000, 0.309013) (-0.982200, 0.187600, 0.000000) (0.863636, 0.236191) 
(-0.850648, 0.525736, 0.000000) (-0.982200, 0.187600, 0.000000) (0.818182, 0.314921) 
(-0.951058, 0.000000, 0.309013) (-0.905000, 0.330400, 0.268000) (0.863636, 0.236191) 
(-0.723607, 0.447220, 0.525725) (-0.905000, 0.330400, 0.268000) (0.909091, 0.314921) 
(-0.850648, 0.525736, 0.000000) (-0.905000, 0.330400, 0.268000) (0.818182, 0.314921) 
(-0.587786, 0.000000, 0.809017) (-0.534600, 0.330400, 0.777900) (0.045455, 0.236191) 
(-0.262869, 0.525738, 0.809012) (-0.534600, 0.330400, 0.777900) (0.090910, 0.314921) 
(-0.723607, 0.447220, 0.525725) (-0.534600, 0.330400, 0.777900) (0.000000, 0.314921) 
(-0.587786, 0.000000, 0.809017) (-0.303500, 0.187600, 0.934200) (0.045455, 0.236191) 
(0.000000, 0.000000, 1.000000) (-0.303500, 0.187600, 0.934200) (0.136365, 0.236191) 
(-0.262869, 0.525738, 0.809012) (-0.303500, 0.187600, 0.934200) (0.090910, 0.314921) 
(0.000000, 0.000000, 1.000000) (-0.024700, 0.330400, 0.943500) (0.136365, 0.236191) 
(0.276388, 0.447220, 0.850649) (-0.024700, 0.330400, 0.943500) (0.181819, 0.314921) 
(-0.262869, 0.525738, 0.809012) (-0.024700, 0.330400, 0.943500) (0.090910, 0.314921) 
(0.587786, 0.000000, 0.809017) (0.574600, 0.330400, 0.748800) (0.227273, 0.236191) 
(0.688189, 0.525736, 0.499997) (0.574600, 0.330400, 0.748800) (0.272728, 0.314921) 
(0.276388, 0.447220, 0.850649) (0.574600, 0.330400, 0.748800) (0.181819, 0.314921) 
(0.587786, 0.000000, 0.809017) (0.794700, 0.187600, 0.577300) (0.227273, 0.236191) 
(0.951058, 0.000000, 0.309013) (0.794700, 0.187600, 0.577300) (0.318182, 0.236191) 
(0.688189, 0.525736, 0.499997) (0.794700, 0.187600, 0.577300) (0.272728, 0.314921) 
(0.951058, 0.000000, 0.309013) (0.889700, 0.330400, 0.315100) (0.318182, 0.236191) 
(0.894426, 0.447216, 0.000000) (0.889700, 0.330400, 0.315100) (0.363637, 0.314921) 
(0.688189, 0.525736, 0.499997) (0.889700, 0.330400, 0.315100) (0.272728, 0.314921) 
(0.587786, 0.000000, -0.809017) (0.306600, 0.125600, -0.943500) (0.500000, 0.236191) 
(0.000000, 0.000000, -1.000000) (0.306600, 0.125600, -0.943500) (0.590909, 0.236191) 
(0.276388, 0.447220, -0.850649) (0.306600, 0.125600, -0.943500) (0.545455, 0.314921) 
(0.587786, 0.000000, -0.809017) (0.303500, -0.187600, -0.934200) (0.500000, 0.236191) 
(0.262869, -0.525738, -0.809012) (0.303500, -0.187600, -0.934200) (0.545455, 0.157461) 
(0.000000, 0.000000, -1.000000) (0.303500, -0.187600, -0.934200) (0.590909, 0.236191) 
(0.262869, -0.525738, -0.809012) (0.024700, -0.330400, -0.943500) (0.545455, 0.157461) 
(-0.276388, -0.447220, -0.850649) (0.024700, -0.330400, -0.943500) (0.636364, 0.157461) 
(0.000000, 0.000000, -1.000000) (0.024700, -0.330400, -0.943500) (0.590909, 0.236191) 
(-0.587786, 0.000000, -0.809017) (-0.802600, 0.125600, -0.583100) (0.681818, 0.236191) 
(-0.951058, 0.000000, -0.309013) (-0.802600, 0.125600, -0.583100) (0.772727, 0.236191) 
(-0.723607, 0.447220, -0.525725) (-0.802600, 0.125600, -0.583100) (0.727273, 0.314921) 
(-0.587786, 0.000000, -0.809017) (-0.794700, -0.187600, -0.577300) (0.681818, 0.236191) 
(-0.688189, -0.525736, -0.499997) (-0.794700, -0.187600, -0.577300) (0.727273, 0.157461) 
(-0.951058, 0.000000, -0.309013) (-0.794700, -0.187600, -0.577300) (0.772727, 0.236191) 
(-0.688189, -0.525736, -0.499997) (-0.889700, -0.330400, -0.315100) (0.727273, 0.157461) 
(-0.894426, -0.447216, 0.000000) (-0.889700, -0.330400, -0.315100) (0.818182, 0.157461) 
(-0.951058, 0.000000, -0.309013) (-0.889700, -0.330400, -0.315100) (0.772727, 0.236191) 
(-0.951058, 0.000000, 0.309013) (-0.802600, 0.125600, 0.583100) (0.863636, 0.236191) 
(-0.587786, 0.000000, 0.809017) (-0.802600, 0.125600, 0.583100) (0.954545, 0.236191) 
(-0.723607, 0.447220, 0.525725) (-0.802600, 0.125600, 0.583100) (0.909091, 0.314921) 
(-0.951058, 0.000000, 0.309013) (-0.794700, -0.187600, 0.577300) (0.863636, 0.236191) 
(-0.688189, -0.525736, 0.499997) (-0.794700, -0.187600, 0.577300) (0.909091, 0.157461) 
(-0.587786, 0.000000, 0.809017) (-0.794700, -0.187600, 0.577300) (0.954545, 0.236191) 
(-0.688189, -0.525736, 0.499997) (-0.574600, -0.330400, 0.748800) (0.909091, 0.157461) 
(-0.276388, -0.447220, 0.850649) (-0.574600, -0.330400, 0.748800) (1.000000, 0.157461) 
(-0.587786, 0.000000, 0.809017) (-0.574600, -0.330400, 0.748800) (0.954545, 0.236191) 
(0.000000, 0.000000, 1.000000) (0.306600, 0.125600, 0.943500) (0.136365, 0.236191) 
(0.587786, 0.000000, 0.809017) (0.306600, 0.125600, 0.943500) (0.227273, 0.236191) 
(0.276388, 0.447220, 0.850649) (0.306600, 0.125600, 0.943500) (0.181819, 0.314921) 
(0.000000, 0.000000, 1.000000) (0.303500, -0.187600, 0.934200) (0.136365, 0.236191) 
(0.262869, -0.525738, 0.809012) (0.303500, -0.187600, 0.934200) (0.181819, 0.157461) 
(0.587786, 0.000000, 0.809017) (0.303500, -0.187600, 0.934200) (0.227273, 0.236191) 
(0.262869, -0.525738, 0.809012) (0.534600, -0.330400, 0.777900) (0.181819, 0.157461) 
(0.723607, -0.447220, 0.525725) (0.534600, -0.330400, 0.777900) (0.272728, 0.157461) 
(0.587786, 0.000000, 0.809017) (0.534600, -0.330400, 0.777900) (0.227273, 0.236191) 
(0.951058, 0.000000, 0.309013) (0.992100, 0.125600, 0.000000) (0.318182, 0.236191) 
(0.951058, 0.000000, -0.309013) (0.992100, 0.125600, 0.000000) (0.409092, 0.236191) 
(0.894426, 0.447216, 0.000000) (0.992100, 0.125600, 0.000000) (0.363637, 0.314921) 
(0.951058, 0.000000, 0.309013) (0.982200, -0.187600, 0.000000) (0.318182, 0.236191) 
(0.850648, -0.525736, 0.000000) (0.982200, -0.187600, 0.000000) (0.363637, 0.157461) 
(0.951058, 0.000000, -0.309013) (0.982200, -0.187600, 0.000000) (0.409092, 0.236191) 
(0.850648, -0.525736, 0.000000) (0.905000, -0.330400, -0.268000) (0.363637, 0.157461) 
(0.723607, -0.447220, -0.525725) (0.905000, -0.330400, -0.268000) (0.454546, 0.157461) 
(0.951058, 0.000000, -0.309013) (0.905000, -0.330400, -0.268000) (0.409092, 0.236191) 
(0.425323, -0.850654, -0.309011) (0.471300, -0.661700, -0.583100) (0.500000, 0.078731) 
(0.262869, -0.525738, -0.809012) (0.471300, -0.661700, -0.583100) (0.545455, 0.157461) 
(0.723607, -0.447220, -0.525725) (0.471300, -0.661700, -0.583100) (0.454546, 0.157461) 
(0.425323, -0.850654, -0.309011) (0.187600, -0.794700, -0.577300) (0.500000, 0.078731) 
(-0.162456, -0.850654, -0.499995) (0.187600, -0.794700, -0.577300) (0.590909, 0.078731) 
(0.262869, -0.525738, -0.809012) (0.187600, -0.794700, -0.577300) (0.545455, 0.157461) 
(-0.162456, -0.850654, -0.499995) (-0.038500, -0.661700, -0.748800) (0.590909, 0.078731) 
(-0.276388, -0.447220, -0.850649) (-0.038500, -0.661700, -0.748800) (0.636364, 0.157461) 
(0.262869, -0.525738, -0.809012) (-0.038500, -0.661700, -0.748800) (0.545455, 0.157461) 
(-0.162456, -0.850654, -0.499995) (-0.408900, -0.661700, -0.628400) (0.681818, 0.078731) 
(-0.688189, -0.525736, -0.499997) (-0.408900, -0.661700, -0.628400) (0.727273, 0.157461) 
(-0.276388, -0.447220, -0.850649) (-0.408900, -0.661700, -0.628400) (0.636364, 0.157461) 
(-0.162456, -0.850654, -0.499995) (-0.491100, -0.794700, -0.356800) (0.681818, 0.078731) 
(-0.525730, -0.850652, 0.000000) (-0.491100, -0.794700, -0.356800) (0.772727, 0.078731) 
(-0.688189, -0.525736, -0.499997) (-0.491100, -0.794700, -0.356800) (0.727273, 0.157461) 
(-0.525730, -0.850652, 0.000000) (-0.724000, -0.661700, -0.194700) (0.772727, 0.078731) 
(-0.894426, -0.447216, 0.000000) (-0.724000, -0.661700, -0.194700) (0.818182, 0.157461) 
(-0.688189, -0.525736, -0.499997) (-0.724000, -0.661700, -0.194700) (0.727273, 0.157461) 
(-0.525730, -0.850652, 0.000000) (-0.724000, -0.661700, 0.194700) (0.863636, 0.078731) 
(-0.688189, -0.525736, 0.499997) (-0.724000, -0.661700, 0.194700) (0.909091, 0.157461) 
(-0.894426, -0.447216, 0.000000) (-0.724000, -0.661700, 0.194700) (0.818182, 0.157461) 
(-0.525730, -0.850652, 0.000000) (-0.491100, -0.794700, 0.356800) (0.863636, 0.078731) 
(-0.162456, -0.850654, 0.499995) (-0.491100, -0.794700, 0.356800) (0.954545, 0.078731) 
(-0.688189, -0.525736, 0.499997) (-0.491100, -0.794700, 0.356800) (0.909091, 0.157461) 
(-0.162456, -0.850654, 0.499995) (-0.408900, -0.661700, 0.628400) (0.954545, 0.078731) 
(-0.276388, -0.447220, 0.850649) (-0.408900, -0.661700, 0.628400) (1.000000, 0.157461) 
(-0.688189, -0.525736, 0.499997) (-0.408900, -0.661700, 0.628400) (0.909091, 0.157461) 
(0.850648, -0.525736, 0.000000) (0.700200, -0.661700, -0.268000) (0.363637, 0.157461) 
(0.425323, -0.850654, -0.309011) (0.700200, -0.661700, -0.268000) (0.409092, 0.078731) 
(0.723607, -0.447220, -0.525725) (0.700200, -0.661700, -0.268000) (0.454546, 0.157461) 
(0.850648, -0.525736, 0.000000) (0.607100, -0.794700, 0.000000) (0.363637, 0.157461) 
(0.425323, -0.850654, 0.309011) (0.607100, -0.794700, 0.000000) (0.318182, 0.078731) 
(0.425323, -0.850654, -0.309011) (0.607100, -0.794700, 0.000000) (0.409092, 0.078731) 
(0.425323, -0.850654, 0.309011) (0.331300, -0.943500, 0.000000) (0.318182, 0.078731) 
(0.000000, -1.000000, 0.000000) (0.331300, -0.943500, 0.000000) (0.363637, 0.000000) 
(0.425323, -0.850654, -0.309011) (0.331300, -0.943500, 0.000000) (0.409092, 0.078731) 
(-0.162456, -0.850654, 0.499995) (-0.038500, -0.661700, 0.748800) (0.136365, 0.078731) 
(0.262869, -0.525738, 0.809012) (-0.038500, -0.661700, 0.748800) (0.181819, 0.157461) 
(-0.276388, -0.447220, 0.850649) (-0.038500, -0.661700, 0.748800) (0.090910, 0.157461) 
(-0.162456, -0.850654, 0.499995) (0.187600, -0.794700, 0.577300) (0.136365, 0.078731) 
(0.425323, -0.850654, 0.309011) (0.187600, -0.794700, 0.577300) (0.227273, 0.078731) 
(0.262869, -0.525738, 0.809012) (0.187600, -0.794700, 0.577300) (0.181819, 0.157461) 
(0.425323, -0.850654, 0.309011) (0.471300, -0.661700, 0.583100) (0.227273, 0.078731) 
(0.723607, -0.447220, 0.525725) (0.471300, -0.661700, 0.583100) (0.272728, 0.157461) 
(0.262869, -0.525738, 0.809012) (0.471300, -0.661700, 0.583100) (0.181819, 0.157461) 
